0	1E-8
1	1.0015657803E-8
2	1.0031340123E-8
3	1.0047046997E-8
4	1.0062778464E-8
5	1.0078534563E-8
6	1.0094315332E-8
7	1.0110120809E-8
8	1.0125951034E-8
9	1.0141806045E-8
10	1.015768588E-8
11	1.017359058E-8
12	1.0189520182E-8
13	1.0205474726E-8
14	1.0221454251E-8
15	1.0237458796E-8
16	1.0253488399E-8
17	1.0269543101E-8
18	1.0285622941E-8
19	1.0301727957E-8
20	1.031785819E-8
21	1.0334013679E-8
22	1.0350194463E-8
23	1.0366400582E-8
24	1.0382632075E-8
25	1.0398888983E-8
26	1.0415171346E-8
27	1.0431479202E-8
28	1.0447812592E-8
29	1.0464171556E-8
30	1.0480556134E-8
31	1.0496966366E-8
32	1.0513402292E-8
33	1.0529863953E-8
34	1.0546351388E-8
35	1.0562864639E-8
36	1.0579403745E-8
37	1.0595968747E-8
38	1.0612559686E-8
39	1.0629176601E-8
40	1.0645819535E-8
41	1.0662488527E-8
42	1.0679183618E-8
43	1.069590485E-8
44	1.0712652263E-8
45	1.0729425898E-8
46	1.0746225796E-8
47	1.0763051998E-8
48	1.0779904546E-8
49	1.0796783481E-8
50	1.0813688844E-8
51	1.0830620676E-8
52	1.0847579019E-8
53	1.0864563914E-8
54	1.0881575404E-8
55	1.0898613529E-8
56	1.0915678331E-8
57	1.0932769852E-8
58	1.0949888135E-8
59	1.096703322E-8
60	1.0984205149E-8
61	1.1001403966E-8
62	1.1018629711E-8
63	1.1035882428E-8
64	1.1053162158E-8
65	1.1070468943E-8
66	1.1087802826E-8
67	1.110516385E-8
68	1.1122552056E-8
69	1.1139967488E-8
70	1.1157410188E-8
71	1.1174880199E-8
72	1.1192377563E-8
73	1.1209902323E-8
74	1.1227454523E-8
75	1.1245034205E-8
76	1.1262641412E-8
77	1.1280276187E-8
78	1.1297938573E-8
79	1.1315628615E-8
80	1.1333346354E-8
81	1.1351091835E-8
82	1.13688651E-8
83	1.1386666194E-8
84	1.140449516E-8
85	1.1422352041E-8
86	1.1440236881E-8
87	1.1458149724E-8
88	1.1476090614E-8
89	1.1494059595E-8
90	1.1512056711E-8
91	1.1530082005E-8
92	1.1548135522E-8
93	1.1566217306E-8
94	1.1584327401E-8
95	1.1602465852E-8
96	1.1620632704E-8
97	1.1638827999E-8
98	1.1657051784E-8
99	1.1675304102E-8
100	1.1693584999E-8
101	1.1711894518E-8
102	1.1730232706E-8
103	1.1748599606E-8
104	1.1766995264E-8
105	1.1785419725E-8
106	1.1803873034E-8
107	1.1822355235E-8
108	1.1840866375E-8
109	1.1859406498E-8
110	1.1877975651E-8
111	1.1896573877E-8
112	1.1915201224E-8
113	1.1933857736E-8
114	1.1952543459E-8
115	1.1971258439E-8
116	1.1990002721E-8
117	1.2008776353E-8
118	1.2027579378E-8
119	1.2046411845E-8
120	1.2065273797E-8
121	1.2084165283E-8
122	1.2103086348E-8
123	1.2122037038E-8
124	1.21410174E-8
125	1.216002748E-8
126	1.2179067324E-8
127	1.219813698E-8
128	1.2217236494E-8
129	1.2236365913E-8
130	1.2255525283E-8
131	1.2274714652E-8
132	1.2293934066E-8
133	1.2313183572E-8
134	1.2332463218E-8
135	1.2351773051E-8
136	1.2371113118E-8
137	1.2390483466E-8
138	1.2409884143E-8
139	1.2429315196E-8
140	1.2448776673E-8
141	1.2468268621E-8
142	1.2487791089E-8
143	1.2507344124E-8
144	1.2526927773E-8
145	1.2546542085E-8
146	1.2566187107E-8
147	1.2585862889E-8
148	1.2605569477E-8
149	1.2625306921E-8
150	1.2645075268E-8
151	1.2664874567E-8
152	1.2684704867E-8
153	1.2704566215E-8
154	1.2724458661E-8
155	1.2744382253E-8
156	1.276433704E-8
157	1.278432307E-8
158	1.2804340394E-8
159	1.2824389059E-8
160	1.2844469114E-8
161	1.286458061E-8
162	1.2884723595E-8
163	1.2904898118E-8
164	1.292510423E-8
165	1.2945341978E-8
166	1.2965611413E-8
167	1.2985912585E-8
168	1.3006245542E-8
169	1.3026610336E-8
170	1.3047007015E-8
171	1.306743563E-8
172	1.3087896231E-8
173	1.3108388867E-8
174	1.3128913589E-8
175	1.3149470447E-8
176	1.3170059492E-8
177	1.3190680773E-8
178	1.3211334342E-8
179	1.3232020248E-8
180	1.3252738543E-8
181	1.3273489277E-8
182	1.3294272501E-8
183	1.3315088266E-8
184	1.3335936623E-8
185	1.3356817622E-8
186	1.3377731316E-8
187	1.3398677754E-8
188	1.3419656989E-8
189	1.3440669071E-8
190	1.3461714053E-8
191	1.3482791985E-8
192	1.350390292E-8
193	1.3525046908E-8
194	1.3546224002E-8
195	1.3567434254E-8
196	1.3588677715E-8
197	1.3609954437E-8
198	1.3631264472E-8
199	1.3652607874E-8
200	1.3673984693E-8
201	1.3695394982E-8
202	1.3716838794E-8
203	1.3738316181E-8
204	1.3759827196E-8
205	1.3781371891E-8
206	1.3802950319E-8
207	1.3824562532E-8
208	1.3846208585E-8
209	1.3867888529E-8
210	1.3889602418E-8
211	1.3911350304E-8
212	1.3933132242E-8
213	1.3954948284E-8
214	1.3976798485E-8
215	1.3998682896E-8
216	1.4020601572E-8
217	1.4042554567E-8
218	1.4064541934E-8
219	1.4086563727E-8
220	1.4108620001E-8
221	1.4130710808E-8
222	1.4152836203E-8
223	1.417499624E-8
224	1.4197190973E-8
225	1.4219420458E-8
226	1.4241684747E-8
227	1.4263983896E-8
228	1.428631796E-8
229	1.4308686992E-8
230	1.4331091048E-8
231	1.4353530182E-8
232	1.4376004449E-8
233	1.4398513905E-8
234	1.4421058605E-8
235	1.4443638603E-8
236	1.4466253955E-8
237	1.4488904716E-8
238	1.4511590942E-8
239	1.4534312688E-8
240	1.455707001E-8
241	1.4579862963E-8
242	1.4602691604E-8
243	1.4625555988E-8
244	1.4648456171E-8
245	1.4671392209E-8
246	1.4694364159E-8
247	1.4717372076E-8
248	1.4740416017E-8
249	1.4763496038E-8
250	1.4786612196E-8
251	1.4809764547E-8
252	1.4832953148E-8
253	1.4856178056E-8
254	1.4879439328E-8
255	1.490273702E-8
256	1.492607119E-8
257	1.4949441894E-8
258	1.497284919E-8
259	1.4996293135E-8
260	1.5019773787E-8
261	1.5043291203E-8
262	1.506684544E-8
263	1.5090436557E-8
264	1.511406461E-8
265	1.5137729658E-8
266	1.5161431759E-8
267	1.5185170971E-8
268	1.5208947351E-8
269	1.5232760958E-8
270	1.5256611851E-8
271	1.5280500087E-8
272	1.5304425725E-8
273	1.5328388824E-8
274	1.5352389442E-8
275	1.5376427639E-8
276	1.5400503472E-8
277	1.5424617001E-8
278	1.5448768285E-8
279	1.5472957382E-8
280	1.5497184353E-8
281	1.5521449256E-8
282	1.5545752152E-8
283	1.5570093098E-8
284	1.5594472155E-8
285	1.5618889383E-8
286	1.5643344841E-8
287	1.5667838589E-8
288	1.5692370687E-8
289	1.5716941196E-8
290	1.5741550175E-8
291	1.5766197684E-8
292	1.5790883784E-8
293	1.5815608535E-8
294	1.5840371998E-8
295	1.5865174233E-8
296	1.5890015302E-8
297	1.5914895264E-8
298	1.5939814181E-8
299	1.5964772114E-8
300	1.5989769124E-8
301	1.6014805271E-8
302	1.6039880618E-8
303	1.6064995226E-8
304	1.6090149155E-8
305	1.6115342469E-8
306	1.6140575227E-8
307	1.6165847493E-8
308	1.6191159328E-8
309	1.6216510793E-8
310	1.6241901952E-8
311	1.6267332865E-8
312	1.6292803596E-8
313	1.6318314207E-8
314	1.6343864759E-8
315	1.6369455317E-8
316	1.6395085941E-8
317	1.6420756696E-8
318	1.6446467643E-8
319	1.6472218846E-8
320	1.6498010368E-8
321	1.6523842272E-8
322	1.6549714621E-8
323	1.6575627478E-8
324	1.6601580907E-8
325	1.6627574971E-8
326	1.6653609735E-8
327	1.6679685261E-8
328	1.6705801614E-8
329	1.6731958857E-8
330	1.6758157055E-8
331	1.6784396271E-8
332	1.681067657E-8
333	1.6836998016E-8
334	1.6863360673E-8
335	1.6889764607E-8
336	1.6916209881E-8
337	1.6942696561E-8
338	1.6969224711E-8
339	1.6995794396E-8
340	1.7022405681E-8
341	1.7049058632E-8
342	1.7075753313E-8
343	1.710248979E-8
344	1.7129268128E-8
345	1.7156088393E-8
346	1.7182950651E-8
347	1.7209854967E-8
348	1.7236801407E-8
349	1.7263790037E-8
350	1.7290820923E-8
351	1.7317894131E-8
352	1.7345009727E-8
353	1.7372167779E-8
354	1.7399368352E-8
355	1.7426611512E-8
356	1.7453897328E-8
357	1.7481225864E-8
358	1.7508597189E-8
359	1.7536011369E-8
360	1.7563468471E-8
361	1.7590968563E-8
362	1.7618511712E-8
363	1.7646097985E-8
364	1.7673727449E-8
365	1.7701400173E-8
366	1.7729116224E-8
367	1.775687567E-8
368	1.7784678579E-8
369	1.7812525018E-8
370	1.7840415057E-8
371	1.7868348763E-8
372	1.7896326204E-8
373	1.792434745E-8
374	1.7952412568E-8
375	1.7980521628E-8
376	1.8008674698E-8
377	1.8036871847E-8
378	1.8065113145E-8
379	1.8093398659E-8
380	1.812172846E-8
381	1.8150102616E-8
382	1.8178521198E-8
383	1.8206984275E-8
384	1.8235491916E-8
385	1.8264044191E-8
386	1.829264117E-8
387	1.8321282924E-8
388	1.8349969521E-8
389	1.8378701033E-8
390	1.840747753E-8
391	1.8436299082E-8
392	1.8465165759E-8
393	1.8494077632E-8
394	1.8523034773E-8
395	1.8552037252E-8
396	1.8581085139E-8
397	1.8610178507E-8
398	1.8639317425E-8
399	1.8668501967E-8
400	1.8697732202E-8
401	1.8727008202E-8
402	1.875633004E-8
403	1.8785697786E-8
404	1.8815111514E-8
405	1.8844571294E-8
406	1.8874077199E-8
407	1.8903629301E-8
408	1.8933227672E-8
409	1.8962872385E-8
410	1.8992563513E-8
411	1.9022301127E-8
412	1.9052085301E-8
413	1.9081916108E-8
414	1.9111793621E-8
415	1.9141717912E-8
416	1.9171689056E-8
417	1.9201707125E-8
418	1.9231772193E-8
419	1.9261884333E-8
420	1.9292043619E-8
421	1.9322250126E-8
422	1.9352503926E-8
423	1.9382805094E-8
424	1.9413153705E-8
425	1.9443549831E-8
426	1.9473993548E-8
427	1.9504484931E-8
428	1.9535024054E-8
429	1.9565610991E-8
430	1.9596245817E-8
431	1.9626928608E-8
432	1.9657659439E-8
433	1.9688438384E-8
434	1.9719265519E-8
435	1.975014092E-8
436	1.9781064662E-8
437	1.981203682E-8
438	1.9843057471E-8
439	1.9874126691E-8
440	1.9905244555E-8
441	1.993641114E-8
442	1.9967626522E-8
443	1.9998890777E-8
444	2.0030203982E-8
445	2.0061566213E-8
446	2.0092977548E-8
447	2.0124438062E-8
448	2.0155947834E-8
449	2.018750694E-8
450	2.0219115457E-8
451	2.0250773464E-8
452	2.0282481036E-8
453	2.0314238253E-8
454	2.0346045191E-8
455	2.0377901928E-8
456	2.0409808543E-8
457	2.0441765113E-8
458	2.0473771717E-8
459	2.0505828433E-8
460	2.0537935339E-8
461	2.0570092515E-8
462	2.0602300038E-8
463	2.0634557988E-8
464	2.0666866443E-8
465	2.0699225483E-8
466	2.0731635187E-8
467	2.0764095634E-8
468	2.0796606903E-8
469	2.0829169074E-8
470	2.0861782228E-8
471	2.0894446442E-8
472	2.0927161799E-8
473	2.0959928377E-8
474	2.0992746256E-8
475	2.1025615518E-8
476	2.1058536242E-8
477	2.109150851E-8
478	2.1124532401E-8
479	2.1157607997E-8
480	2.1190735378E-8
481	2.1223914626E-8
482	2.1257145822E-8
483	2.1290429047E-8
484	2.1323764383E-8
485	2.1357151911E-8
486	2.1390591713E-8
487	2.142408387E-8
488	2.1457628466E-8
489	2.1491225581E-8
490	2.1524875298E-8
491	2.1558577699E-8
492	2.1592332867E-8
493	2.1626140885E-8
494	2.1660001835E-8
495	2.16939158E-8
496	2.1727882863E-8
497	2.1761903107E-8
498	2.1795976616E-8
499	2.1830103472E-8
500	2.186428376E-8
501	2.1898517563E-8
502	2.1932804965E-8
503	2.1967146049E-8
504	2.20015409E-8
505	2.2035989602E-8
506	2.2070492239E-8
507	2.2105048896E-8
508	2.2139659657E-8
509	2.2174324607E-8
510	2.220904383E-8
511	2.2243817412E-8
512	2.2278645438E-8
513	2.2313527994E-8
514	2.2348465163E-8
515	2.2383457033E-8
516	2.2418503688E-8
517	2.2453605214E-8
518	2.2488761697E-8
519	2.2523973224E-8
520	2.255923988E-8
521	2.2594561752E-8
522	2.2629938926E-8
523	2.2665371489E-8
524	2.2700859527E-8
525	2.2736403128E-8
526	2.2772002378E-8
527	2.2807657364E-8
528	2.2843368174E-8
529	2.2879134895E-8
530	2.2914957614E-8
531	2.295083642E-8
532	2.29867714E-8
533	2.3022762641E-8
534	2.3058810233E-8
535	2.3094914263E-8
536	2.313107482E-8
537	2.3167291992E-8
538	2.3203565868E-8
539	2.3239896536E-8
540	2.3276284085E-8
541	2.3312728606E-8
542	2.3349230185E-8
543	2.3385788914E-8
544	2.3422404881E-8
545	2.3459078177E-8
546	2.349580889E-8
547	2.3532597111E-8
548	2.356944293E-8
549	2.3606346436E-8
550	2.3643307721E-8
551	2.3680326874E-8
552	2.3717403987E-8
553	2.375453915E-8
554	2.3791732453E-8
555	2.3828983989E-8
556	2.3866293847E-8
557	2.390366212E-8
558	2.3941088899E-8
559	2.3978574275E-8
560	2.401611834E-8
561	2.4053721187E-8
562	2.4091382906E-8
563	2.412910359E-8
564	2.4166883332E-8
565	2.4204722224E-8
566	2.4242620359E-8
567	2.4280577829E-8
568	2.4318594727E-8
569	2.4356671146E-8
570	2.439480718E-8
571	2.4433002921E-8
572	2.4471258464E-8
573	2.4509573901E-8
574	2.4547949328E-8
575	2.4586384836E-8
576	2.4624880521E-8
577	2.4663436477E-8
578	2.4702052798E-8
579	2.4740729579E-8
580	2.4779466914E-8
581	2.4818264898E-8
582	2.4857123625E-8
583	2.4896043193E-8
584	2.4935023694E-8
585	2.4974065225E-8
586	2.5013167882E-8
587	2.5052331759E-8
588	2.5091556953E-8
589	2.513084356E-8
590	2.5170191676E-8
591	2.5209601397E-8
592	2.524907282E-8
593	2.5288606041E-8
594	2.5328201157E-8
595	2.5367858265E-8
596	2.5407577462E-8
597	2.5447358846E-8
598	2.5487202512E-8
599	2.552710856E-8
600	2.5567077086E-8
601	2.5607108189E-8
602	2.5647201966E-8
603	2.5687358516E-8
604	2.5727577936E-8
605	2.5767860326E-8
606	2.5808205784E-8
607	2.5848614408E-8
608	2.5889086298E-8
609	2.5929621552E-8
610	2.5970220269E-8
611	2.601088255E-8
612	2.6051608493E-8
613	2.6092398199E-8
614	2.6133251766E-8
615	2.6174169296E-8
616	2.6215150887E-8
617	2.6256196641E-8
618	2.6297306658E-8
619	2.6338481038E-8
620	2.6379719882E-8
621	2.6421023292E-8
622	2.6462391368E-8
623	2.6503824211E-8
624	2.6545321923E-8
625	2.6586884605E-8
626	2.6628512359E-8
627	2.6670205287E-8
628	2.6711963492E-8
629	2.6753787074E-8
630	2.6795676137E-8
631	2.6837630783E-8
632	2.6879651114E-8
633	2.6921737234E-8
634	2.6963889246E-8
635	2.7006107252E-8
636	2.7048391356E-8
637	2.7090741662E-8
638	2.7133158272E-8
639	2.7175641292E-8
640	2.7218190824E-8
641	2.7260806973E-8
642	2.7303489844E-8
643	2.734623954E-8
644	2.7389056166E-8
645	2.7431939828E-8
646	2.7474890629E-8
647	2.7517908676E-8
648	2.7560994073E-8
649	2.7604146925E-8
650	2.7647367339E-8
651	2.7690655421E-8
652	2.7734011275E-8
653	2.7777435009E-8
654	2.7820926728E-8
655	2.7864486539E-8
656	2.7908114548E-8
657	2.7951810863E-8
658	2.799557559E-8
659	2.8039408836E-8
660	2.8083310708E-8
661	2.8127281315E-8
662	2.8171320763E-8
663	2.821542916E-8
664	2.8259606615E-8
665	2.8303853235E-8
666	2.8348169129E-8
667	2.8392554404E-8
668	2.8437009171E-8
669	2.8481533537E-8
670	2.8526127611E-8
671	2.8570791503E-8
672	2.8615525322E-8
673	2.8660329177E-8
674	2.8705203178E-8
675	2.8750147434E-8
676	2.8795162057E-8
677	2.8840247155E-8
678	2.888540284E-8
679	2.8930629221E-8
680	2.897592641E-8
681	2.9021294517E-8
682	2.9066733653E-8
683	2.911224393E-8
684	2.9157825458E-8
685	2.920347835E-8
686	2.9249202717E-8
687	2.929499867E-8
688	2.9340866323E-8
689	2.9386805787E-8
690	2.9432817175E-8
691	2.9478900599E-8
692	2.9525056172E-8
693	2.9571284007E-8
694	2.9617584217E-8
695	2.9663956915E-8
696	2.9710402215E-8
697	2.9756920231E-8
698	2.9803511076E-8
699	2.9850174865E-8
700	2.9896911711E-8
701	2.9943721729E-8
702	2.9990605033E-8
703	3.0037561738E-8
704	3.008459196E-8
705	3.0131695813E-8
706	3.0178873412E-8
707	3.0226124873E-8
708	3.0273450311E-8
709	3.0320849843E-8
710	3.0368323584E-8
711	3.0415871651E-8
712	3.0463494159E-8
713	3.0511191226E-8
714	3.0558962967E-8
715	3.0606809501E-8
716	3.0654730943E-8
717	3.0702727412E-8
718	3.0750799025E-8
719	3.0798945899E-8
720	3.0847168152E-8
721	3.0895465902E-8
722	3.0943839268E-8
723	3.0992288367E-8
724	3.1040813319E-8
725	3.1089414242E-8
726	3.1138091254E-8
727	3.1186844476E-8
728	3.1235674026E-8
729	3.1284580024E-8
730	3.1333562589E-8
731	3.1382621842E-8
732	3.1431757902E-8
733	3.148097089E-8
734	3.1530260926E-8
735	3.1579628131E-8
736	3.1629072625E-8
737	3.1678594529E-8
738	3.1728193965E-8
739	3.1777871054E-8
740	3.1827625918E-8
741	3.1877458678E-8
742	3.1927369456E-8
743	3.1977358375E-8
744	3.2027425556E-8
745	3.2077571123E-8
746	3.2127795197E-8
747	3.2178097903E-8
748	3.2228479362E-8
749	3.2278939698E-8
750	3.2329479035E-8
751	3.2380097497E-8
752	3.2430795206E-8
753	3.2481572288E-8
754	3.2532428866E-8
755	3.2583365066E-8
756	3.263438101E-8
757	3.2685476825E-8
758	3.2736652636E-8
759	3.2787908567E-8
760	3.2839244744E-8
761	3.2890661293E-8
762	3.294215834E-8
763	3.299373601E-8
764	3.3045394429E-8
765	3.3097133725E-8
766	3.3148954023E-8
767	3.3200855451E-8
768	3.3252838136E-8
769	3.3304902204E-8
770	3.3357047783E-8
771	3.3409275001E-8
772	3.3461583986E-8
773	3.3513974865E-8
774	3.3566447766E-8
775	3.3619002819E-8
776	3.3671640151E-8
777	3.3724359892E-8
778	3.377716217E-8
779	3.3830047115E-8
780	3.3883014856E-8
781	3.3936065523E-8
782	3.3989199245E-8
783	3.4042416153E-8
784	3.4095716376E-8
785	3.4149100046E-8
786	3.4202567292E-8
787	3.4256118246E-8
788	3.4309753039E-8
789	3.4363471801E-8
790	3.4417274665E-8
791	3.4471161761E-8
792	3.4525133223E-8
793	3.4579189181E-8
794	3.4633329768E-8
795	3.4687555117E-8
796	3.474186536E-8
797	3.4796260631E-8
798	3.4850741062E-8
799	3.4905306786E-8
800	3.4959957937E-8
801	3.501469465E-8
802	3.5069517057E-8
803	3.5124425292E-8
804	3.5179419491E-8
805	3.5234499788E-8
806	3.5289666318E-8
807	3.5344919215E-8
808	3.5400258615E-8
809	3.5455684653E-8
810	3.5511197464E-8
811	3.5566797186E-8
812	3.5622483953E-8
813	3.5678257901E-8
814	3.5734119169E-8
815	3.5790067891E-8
816	3.5846104205E-8
817	3.5902228249E-8
818	3.5958440159E-8
819	3.6014740072E-8
820	3.6071128128E-8
821	3.6127604463E-8
822	3.6184169216E-8
823	3.6240822525E-8
824	3.6297564529E-8
825	3.6354395367E-8
826	3.6411315177E-8
827	3.64683241E-8
828	3.6525422274E-8
829	3.6582609839E-8
830	3.6639886935E-8
831	3.6697253703E-8
832	3.6754710283E-8
833	3.6812256814E-8
834	3.6869893439E-8
835	3.6927620298E-8
836	3.6985437532E-8
837	3.7043345283E-8
838	3.7101343692E-8
839	3.7159432902E-8
840	3.7217613055E-8
841	3.7275884292E-8
842	3.7334246757E-8
843	3.7392700592E-8
844	3.745124594E-8
845	3.7509882945E-8
846	3.7568611749E-8
847	3.7627432498E-8
848	3.7686345334E-8
849	3.7745350402E-8
850	3.7804447846E-8
851	3.786363781E-8
852	3.7922920441E-8
853	3.7982295881E-8
854	3.8041764278E-8
855	3.8101325776E-8
856	3.8160980521E-8
857	3.822072866E-8
858	3.8280570337E-8
859	3.8340505701E-8
860	3.8400534896E-8
861	3.8460658071E-8
862	3.8520875372E-8
863	3.8581186947E-8
864	3.8641592943E-8
865	3.8702093508E-8
866	3.876268879E-8
867	3.8823378937E-8
868	3.8884164098E-8
869	3.8945044422E-8
870	3.9006020057E-8
871	3.9067091153E-8
872	3.9128257859E-8
873	3.9189520324E-8
874	3.92508787E-8
875	3.9312333135E-8
876	3.937388378E-8
877	3.9435530786E-8
878	3.9497274303E-8
879	3.9559114483E-8
880	3.9621051477E-8
881	3.9683085437E-8
882	3.9745216514E-8
883	3.980744486E-8
884	3.9869770627E-8
885	3.9932193969E-8
886	3.9994715037E-8
887	4.0057333985E-8
888	4.0120050966E-8
889	4.0182866133E-8
890	4.0245779641E-8
891	4.0308791642E-8
892	4.0371902292E-8
893	4.0435111744E-8
894	4.0498420153E-8
895	4.0561827674E-8
896	4.0625334463E-8
897	4.0688940675E-8
898	4.0752646464E-8
899	4.0816451988E-8
900	4.0880357402E-8
901	4.0944362863E-8
902	4.1008468526E-8
903	4.107267455E-8
904	4.1136981091E-8
905	4.1201388307E-8
906	4.1265896354E-8
907	4.1330505392E-8
908	4.1395215577E-8
909	4.1460027069E-8
910	4.1524940025E-8
911	4.1589954605E-8
912	4.1655070968E-8
913	4.1720289273E-8
914	4.178560968E-8
915	4.1851032348E-8
916	4.1916557437E-8
917	4.1982185109E-8
918	4.2047915522E-8
919	4.2113748839E-8
920	4.217968522E-8
921	4.2245724827E-8
922	4.2311867821E-8
923	4.2378114364E-8
924	4.2444464618E-8
925	4.2510918746E-8
926	4.2577476909E-8
927	4.2644139271E-8
928	4.2710905995E-8
929	4.2777777245E-8
930	4.2844753183E-8
931	4.2911833974E-8
932	4.2979019782E-8
933	4.3046310772E-8
934	4.3113707107E-8
935	4.3181208953E-8
936	4.3248816475E-8
937	4.3316529838E-8
938	4.3384349208E-8
939	4.3452274751E-8
940	4.3520306634E-8
941	4.3588445021E-8
942	4.3656690082E-8
943	4.3725041981E-8
944	4.3793500887E-8
945	4.3862066966E-8
946	4.3930740388E-8
947	4.3999521319E-8
948	4.4068409928E-8
949	4.4137406384E-8
950	4.4206510855E-8
951	4.4275723511E-8
952	4.434504452E-8
953	4.4414474053E-8
954	4.4484012278E-8
955	4.4553659367E-8
956	4.462341549E-8
957	4.4693280818E-8
958	4.476325552E-8
959	4.4833339769E-8
960	4.4903533736E-8
961	4.4973837593E-8
962	4.5044251512E-8
963	4.5114775664E-8
964	4.5185410223E-8
965	4.5256155362E-8
966	4.5327011252E-8
967	4.5397978069E-8
968	4.5469055985E-8
969	4.5540245174E-8
970	4.5611545811E-8
971	4.5682958069E-8
972	4.5754482124E-8
973	4.5826118151E-8
974	4.5897866325E-8
975	4.5969726821E-8
976	4.6041699815E-8
977	4.6113785483E-8
978	4.6185984002E-8
979	4.6258295548E-8
980	4.6330720299E-8
981	4.6403258431E-8
982	4.6475910121E-8
983	4.6548675548E-8
984	4.662155489E-8
985	4.6694548325E-8
986	4.6767656031E-8
987	4.6840878187E-8
988	4.6914214973E-8
989	4.6987666568E-8
990	4.7061233151E-8
991	4.7134914903E-8
992	4.7208712003E-8
993	4.7282624633E-8
994	4.7356652973E-8
995	4.7430797205E-8
996	4.7505057509E-8
997	4.7579434067E-8
998	4.7653927062E-8
999	4.7728536675E-8
1000	4.780326309E-8
