0	1E-8
1	1.0002168845E-8
2	1.000433816E-8
3	1.0006507946E-8
4	1.0008678203E-8
5	1.0010848929E-8
6	1.0013020127E-8
7	1.0015191796E-8
8	1.0017363935E-8
9	1.0019536545E-8
10	1.0021709627E-8
11	1.002388318E-8
12	1.0026057204E-8
13	1.00282317E-8
14	1.0030406667E-8
15	1.0032582105E-8
16	1.0034758016E-8
17	1.0036934398E-8
18	1.0039111253E-8
19	1.0041288579E-8
20	1.0043466377E-8
21	1.0045644648E-8
22	1.0047823391E-8
23	1.0050002607E-8
24	1.0052182295E-8
25	1.0054362456E-8
26	1.005654309E-8
27	1.0058724196E-8
28	1.0060905776E-8
29	1.0063087828E-8
30	1.0065270354E-8
31	1.0067453353E-8
32	1.0069636825E-8
33	1.0071820771E-8
34	1.007400519E-8
35	1.0076190084E-8
36	1.0078375451E-8
37	1.0080561291E-8
38	1.0082747606E-8
39	1.0084934395E-8
40	1.0087121658E-8
41	1.0089309396E-8
42	1.0091497608E-8
43	1.0093686294E-8
44	1.0095875455E-8
45	1.0098065091E-8
46	1.0100255201E-8
47	1.0102445787E-8
48	1.0104636847E-8
49	1.0106828383E-8
50	1.0109020394E-8
51	1.011121288E-8
52	1.0113405842E-8
53	1.0115599279E-8
54	1.0117793192E-8
55	1.011998758E-8
56	1.0122182445E-8
57	1.0124377785E-8
58	1.0126573602E-8
59	1.0128769894E-8
60	1.0130966663E-8
61	1.0133163909E-8
62	1.013536163E-8
63	1.0137559829E-8
64	1.0139758504E-8
65	1.0141957655E-8
66	1.0144157284E-8
67	1.014635739E-8
68	1.0148557973E-8
69	1.0150759033E-8
70	1.015296057E-8
71	1.0155162584E-8
72	1.0157365077E-8
73	1.0159568046E-8
74	1.0161771494E-8
75	1.0163975419E-8
76	1.0166179822E-8
77	1.0168384704E-8
78	1.0170590063E-8
79	1.0172795901E-8
80	1.0175002217E-8
81	1.0177209011E-8
82	1.0179416284E-8
83	1.0181624036E-8
84	1.0183832266E-8
85	1.0186040975E-8
86	1.0188250163E-8
87	1.019045983E-8
88	1.0192669977E-8
89	1.0194880602E-8
90	1.0197091707E-8
91	1.0199303292E-8
92	1.0201515356E-8
93	1.02037279E-8
94	1.0205940923E-8
95	1.0208154427E-8
96	1.021036841E-8
97	1.0212582874E-8
98	1.0214797818E-8
99	1.0217013242E-8
100	1.0219229146E-8
101	1.0221445531E-8
102	1.0223662397E-8
103	1.0225879743E-8
104	1.022809757E-8
105	1.0230315878E-8
106	1.0232534668E-8
107	1.0234753938E-8
108	1.0236973689E-8
109	1.0239193922E-8
110	1.0241414637E-8
111	1.0243635833E-8
112	1.024585751E-8
113	1.024807967E-8
114	1.0250302311E-8
115	1.0252525434E-8
116	1.0254749039E-8
117	1.0256973127E-8
118	1.0259197696E-8
119	1.0261422749E-8
120	1.0263648283E-8
121	1.0265874301E-8
122	1.0268100801E-8
123	1.0270327783E-8
124	1.0272555249E-8
125	1.0274783198E-8
126	1.027701163E-8
127	1.0279240545E-8
128	1.0281469943E-8
129	1.0283699825E-8
130	1.0285930191E-8
131	1.028816104E-8
132	1.0290392373E-8
133	1.0292624189E-8
134	1.029485649E-8
135	1.0297089275E-8
136	1.0299322544E-8
137	1.0301556297E-8
138	1.0303790534E-8
139	1.0306025257E-8
140	1.0308260463E-8
141	1.0310496155E-8
142	1.0312732331E-8
143	1.0314968992E-8
144	1.0317206138E-8
145	1.0319443769E-8
146	1.0321681886E-8
147	1.0323920488E-8
148	1.0326159575E-8
149	1.0328399148E-8
150	1.0330639206E-8
151	1.033287975E-8
152	1.033512078E-8
153	1.0337362296E-8
154	1.0339604299E-8
155	1.0341846787E-8
156	1.0344089761E-8
157	1.0346333222E-8
158	1.034857717E-8
159	1.0350821604E-8
160	1.0353066525E-8
161	1.0355311932E-8
162	1.0357557827E-8
163	1.0359804208E-8
164	1.0362051077E-8
165	1.0364298432E-8
166	1.0366546276E-8
167	1.0368794606E-8
168	1.0371043424E-8
169	1.037329273E-8
170	1.0375542524E-8
171	1.0377792805E-8
172	1.0380043575E-8
173	1.0382294832E-8
174	1.0384546578E-8
175	1.0386798812E-8
176	1.0389051534E-8
177	1.0391304745E-8
178	1.0393558444E-8
179	1.0395812633E-8
180	1.039806731E-8
181	1.0400322476E-8
182	1.040257813E-8
183	1.0404834275E-8
184	1.0407090908E-8
185	1.0409348031E-8
186	1.0411605643E-8
187	1.0413863744E-8
188	1.0416122336E-8
189	1.0418381417E-8
190	1.0420640988E-8
191	1.0422901049E-8
192	1.04251616E-8
193	1.0427422641E-8
194	1.0429684173E-8
195	1.0431946195E-8
196	1.0434208707E-8
197	1.043647171E-8
198	1.0438735204E-8
199	1.0440999189E-8
200	1.0443263664E-8
201	1.0445528631E-8
202	1.0447794089E-8
203	1.0450060038E-8
204	1.0452326478E-8
205	1.045459341E-8
206	1.0456860834E-8
207	1.0459128749E-8
208	1.0461397156E-8
209	1.0463666055E-8
210	1.0465935446E-8
211	1.0468205329E-8
212	1.0470475704E-8
213	1.0472746572E-8
214	1.0475017932E-8
215	1.0477289784E-8
216	1.0479562129E-8
217	1.0481834967E-8
218	1.0484108298E-8
219	1.0486382122E-8
220	1.0488656439E-8
221	1.0490931249E-8
222	1.0493206552E-8
223	1.0495482349E-8
224	1.0497758639E-8
225	1.0500035423E-8
226	1.05023127E-8
227	1.0504590471E-8
228	1.0506868737E-8
229	1.0509147496E-8
230	1.0511426749E-8
231	1.0513706497E-8
232	1.0515986739E-8
233	1.0518267476E-8
234	1.0520548707E-8
235	1.0522830433E-8
236	1.0525112653E-8
237	1.0527395369E-8
238	1.0529678579E-8
239	1.0531962285E-8
240	1.0534246485E-8
241	1.0536531182E-8
242	1.0538816373E-8
243	1.054110206E-8
244	1.0543388243E-8
245	1.0545674921E-8
246	1.0547962096E-8
247	1.0550249766E-8
248	1.0552537932E-8
249	1.0554826595E-8
250	1.0557115754E-8
251	1.0559405409E-8
252	1.0561695561E-8
253	1.0563986209E-8
254	1.0566277354E-8
255	1.0568568996E-8
256	1.0570861135E-8
257	1.0573153771E-8
258	1.0575446904E-8
259	1.0577740534E-8
260	1.0580034662E-8
261	1.0582329287E-8
262	1.058462441E-8
263	1.058692003E-8
264	1.0589216149E-8
265	1.0591512765E-8
266	1.0593809879E-8
267	1.0596107491E-8
268	1.0598405602E-8
269	1.0600704211E-8
270	1.0603003318E-8
271	1.0605302924E-8
272	1.0607603028E-8
273	1.0609903632E-8
274	1.0612204734E-8
275	1.0614506335E-8
276	1.0616808435E-8
277	1.0619111035E-8
278	1.0621414133E-8
279	1.0623717732E-8
280	1.0626021829E-8
281	1.0628326427E-8
282	1.0630631524E-8
283	1.0632937121E-8
284	1.0635243218E-8
285	1.0637549815E-8
286	1.0639856912E-8
287	1.0642164509E-8
288	1.0644472607E-8
289	1.0646781205E-8
290	1.0649090304E-8
291	1.0651399904E-8
292	1.0653710005E-8
293	1.0656020606E-8
294	1.0658331708E-8
295	1.0660643312E-8
296	1.0662955417E-8
297	1.0665268023E-8
298	1.0667581131E-8
299	1.066989474E-8
300	1.0672208852E-8
301	1.0674523464E-8
302	1.0676838579E-8
303	1.0679154196E-8
304	1.0681470315E-8
305	1.0683786936E-8
306	1.068610406E-8
307	1.0688421686E-8
308	1.0690739814E-8
309	1.0693058445E-8
310	1.0695377579E-8
311	1.0697697216E-8
312	1.0700017356E-8
313	1.0702337999E-8
314	1.0704659146E-8
315	1.0706980795E-8
316	1.0709302948E-8
317	1.0711625605E-8
318	1.0713948765E-8
319	1.0716272429E-8
320	1.0718596597E-8
321	1.0720921269E-8
322	1.0723246445E-8
323	1.0725572125E-8
324	1.072789831E-8
325	1.0730224999E-8
326	1.0732552192E-8
327	1.073487989E-8
328	1.0737208093E-8
329	1.0739536801E-8
330	1.0741866013E-8
331	1.0744195731E-8
332	1.0746525954E-8
333	1.0748856682E-8
334	1.0751187916E-8
335	1.0753519655E-8
336	1.07558519E-8
337	1.0758184651E-8
338	1.0760517907E-8
339	1.076285167E-8
340	1.0765185938E-8
341	1.0767520713E-8
342	1.0769855994E-8
343	1.0772191781E-8
344	1.0774528075E-8
345	1.0776864875E-8
346	1.0779202182E-8
347	1.0781539996E-8
348	1.0783878317E-8
349	1.0786217145E-8
350	1.078855648E-8
351	1.0790896323E-8
352	1.0793236672E-8
353	1.079557753E-8
354	1.0797918895E-8
355	1.0800260767E-8
356	1.0802603148E-8
357	1.0804946036E-8
358	1.0807289433E-8
359	1.0809633337E-8
360	1.081197775E-8
361	1.0814322671E-8
362	1.0816668101E-8
363	1.0819014039E-8
364	1.0821360486E-8
365	1.0823707442E-8
366	1.0826054907E-8
367	1.0828402881E-8
368	1.0830751364E-8
369	1.0833100356E-8
370	1.0835449858E-8
371	1.0837799869E-8
372	1.0840150389E-8
373	1.084250142E-8
374	1.084485296E-8
375	1.084720501E-8
376	1.084955757E-8
377	1.085191064E-8
378	1.0854264221E-8
379	1.0856618312E-8
380	1.0858972913E-8
381	1.0861328025E-8
382	1.0863683647E-8
383	1.0866039781E-8
384	1.0868396425E-8
385	1.0870753581E-8
386	1.0873111247E-8
387	1.0875469425E-8
388	1.0877828114E-8
389	1.0880187315E-8
390	1.0882547027E-8
391	1.0884907251E-8
392	1.0887267986E-8
393	1.0889629234E-8
394	1.0891990994E-8
395	1.0894353265E-8
396	1.0896716049E-8
397	1.0899079346E-8
398	1.0901443155E-8
399	1.0903807476E-8
400	1.090617231E-8
401	1.0908537657E-8
402	1.0910903517E-8
403	1.091326989E-8
404	1.0915636776E-8
405	1.0918004175E-8
406	1.0920372087E-8
407	1.0922740513E-8
408	1.0925109453E-8
409	1.0927478906E-8
410	1.0929848874E-8
411	1.0932219355E-8
412	1.093459035E-8
413	1.0936961859E-8
414	1.0939333882E-8
415	1.094170642E-8
416	1.0944079472E-8
417	1.0946453039E-8
418	1.0948827121E-8
419	1.0951201717E-8
420	1.0953576829E-8
421	1.0955952455E-8
422	1.0958328596E-8
423	1.0960705253E-8
424	1.0963082425E-8
425	1.0965460113E-8
426	1.0967838316E-8
427	1.0970217035E-8
428	1.097259627E-8
429	1.097497602E-8
430	1.0977356287E-8
431	1.097973707E-8
432	1.0982118369E-8
433	1.0984500184E-8
434	1.0986882516E-8
435	1.0989265364E-8
436	1.099164873E-8
437	1.0994032612E-8
438	1.0996417011E-8
439	1.0998801927E-8
440	1.100118736E-8
441	1.100357331E-8
442	1.1005959778E-8
443	1.1008346763E-8
444	1.1010734266E-8
445	1.1013122287E-8
446	1.1015510825E-8
447	1.1017899882E-8
448	1.1020289456E-8
449	1.1022679549E-8
450	1.102507016E-8
451	1.1027461289E-8
452	1.1029852937E-8
453	1.1032245103E-8
454	1.1034637788E-8
455	1.1037030992E-8
456	1.1039424715E-8
457	1.1041818957E-8
458	1.1044213718E-8
459	1.1046608999E-8
460	1.1049004799E-8
461	1.1051401118E-8
462	1.1053797957E-8
463	1.1056195316E-8
464	1.1058593194E-8
465	1.1060991593E-8
466	1.1063390512E-8
467	1.106578995E-8
468	1.106818991E-8
469	1.1070590389E-8
470	1.1072991389E-8
471	1.107539291E-8
472	1.1077794951E-8
473	1.1080197514E-8
474	1.1082600597E-8
475	1.1085004202E-8
476	1.1087408327E-8
477	1.1089812974E-8
478	1.1092218143E-8
479	1.1094623832E-8
480	1.1097030044E-8
481	1.1099436777E-8
482	1.1101844033E-8
483	1.110425181E-8
484	1.1106660109E-8
485	1.1109068931E-8
486	1.1111478275E-8
487	1.1113888141E-8
488	1.111629853E-8
489	1.1118709442E-8
490	1.1121120876E-8
491	1.1123532833E-8
492	1.1125945314E-8
493	1.1128358317E-8
494	1.1130771844E-8
495	1.1133185894E-8
496	1.1135600468E-8
497	1.1138015565E-8
498	1.1140431186E-8
499	1.114284733E-8
500	1.1145263999E-8
501	1.1147681191E-8
502	1.1150098908E-8
503	1.1152517149E-8
504	1.1154935914E-8
505	1.1157355204E-8
506	1.1159775019E-8
507	1.1162195358E-8
508	1.1164616222E-8
509	1.1167037611E-8
510	1.1169459525E-8
511	1.1171881964E-8
512	1.1174304929E-8
513	1.1176728419E-8
514	1.1179152434E-8
515	1.1181576975E-8
516	1.1184002042E-8
517	1.1186427635E-8
518	1.1188853754E-8
519	1.1191280398E-8
520	1.1193707569E-8
521	1.1196135267E-8
522	1.119856349E-8
523	1.1200992241E-8
524	1.1203421517E-8
525	1.1205851321E-8
526	1.1208281652E-8
527	1.1210712509E-8
528	1.1213143894E-8
529	1.1215575806E-8
530	1.1218008245E-8
531	1.1220441212E-8
532	1.1222874706E-8
533	1.1225308728E-8
534	1.1227743278E-8
535	1.1230178356E-8
536	1.1232613961E-8
537	1.1235050095E-8
538	1.1237486757E-8
539	1.1239923948E-8
540	1.1242361667E-8
541	1.1244799914E-8
542	1.1247238691E-8
543	1.1249677996E-8
544	1.125211783E-8
545	1.1254558193E-8
546	1.1256999085E-8
547	1.1259440507E-8
548	1.1261882458E-8
549	1.1264324938E-8
550	1.1266767948E-8
551	1.1269211488E-8
552	1.1271655558E-8
553	1.1274100158E-8
554	1.1276545288E-8
555	1.1278990948E-8
556	1.1281437138E-8
557	1.1283883859E-8
558	1.128633111E-8
559	1.1288778892E-8
560	1.1291227205E-8
561	1.1293676049E-8
562	1.1296125424E-8
563	1.1298575329E-8
564	1.1301025767E-8
565	1.1303476735E-8
566	1.1305928235E-8
567	1.1308380266E-8
568	1.131083283E-8
569	1.1313285925E-8
570	1.1315739552E-8
571	1.1318193711E-8
572	1.1320648402E-8
573	1.1323103625E-8
574	1.1325559381E-8
575	1.132801567E-8
576	1.1330472491E-8
577	1.1332929845E-8
578	1.1335387731E-8
579	1.1337846151E-8
580	1.1340305103E-8
581	1.1342764589E-8
582	1.1345224609E-8
583	1.1347685161E-8
584	1.1350146247E-8
585	1.1352607867E-8
586	1.1355070021E-8
587	1.1357532708E-8
588	1.135999593E-8
589	1.1362459686E-8
590	1.1364923976E-8
591	1.13673888E-8
592	1.1369854159E-8
593	1.1372320052E-8
594	1.137478648E-8
595	1.1377253443E-8
596	1.1379720941E-8
597	1.1382188974E-8
598	1.1384657542E-8
599	1.1387126645E-8
600	1.1389596284E-8
601	1.1392066458E-8
602	1.1394537168E-8
603	1.1397008414E-8
604	1.1399480196E-8
605	1.1401952513E-8
606	1.1404425367E-8
607	1.1406898757E-8
608	1.1409372683E-8
609	1.1411847145E-8
610	1.1414322145E-8
611	1.1416797681E-8
612	1.1419273753E-8
613	1.1421750363E-8
614	1.142422751E-8
615	1.1426705193E-8
616	1.1429183414E-8
617	1.1431662173E-8
618	1.1434141469E-8
619	1.1436621302E-8
620	1.1439101674E-8
621	1.1441582583E-8
622	1.144406403E-8
623	1.1446546015E-8
624	1.1449028538E-8
625	1.14515116E-8
626	1.14539952E-8
627	1.1456479339E-8
628	1.1458964016E-8
629	1.1461449232E-8
630	1.1463934987E-8
631	1.1466421281E-8
632	1.1468908115E-8
633	1.1471395487E-8
634	1.1473883399E-8
635	1.147637185E-8
636	1.1478860841E-8
637	1.1481350371E-8
638	1.1483840442E-8
639	1.1486331052E-8
640	1.1488822203E-8
641	1.1491313893E-8
642	1.1493806124E-8
643	1.1496298895E-8
644	1.1498792207E-8
645	1.150128606E-8
646	1.1503780453E-8
647	1.1506275387E-8
648	1.1508770863E-8
649	1.1511266879E-8
650	1.1513763436E-8
651	1.1516260535E-8
652	1.1518758176E-8
653	1.1521256358E-8
654	1.1523755081E-8
655	1.1526254347E-8
656	1.1528754154E-8
657	1.1531254504E-8
658	1.1533755395E-8
659	1.1536256829E-8
660	1.1538758806E-8
661	1.1541261325E-8
662	1.1543764386E-8
663	1.1546267991E-8
664	1.1548772138E-8
665	1.1551276828E-8
666	1.1553782061E-8
667	1.1556287838E-8
668	1.1558794158E-8
669	1.1561301021E-8
670	1.1563808428E-8
671	1.1566316379E-8
672	1.1568824873E-8
673	1.1571333912E-8
674	1.1573843494E-8
675	1.1576353621E-8
676	1.1578864292E-8
677	1.1581375508E-8
678	1.1583887268E-8
679	1.1586399572E-8
680	1.1588912422E-8
681	1.1591425816E-8
682	1.1593939755E-8
683	1.159645424E-8
684	1.1598969269E-8
685	1.1601484844E-8
686	1.1604000965E-8
687	1.1606517631E-8
688	1.1609034843E-8
689	1.16115526E-8
690	1.1614070904E-8
691	1.1616589753E-8
692	1.1619109149E-8
693	1.1621629091E-8
694	1.162414958E-8
695	1.1626670615E-8
696	1.1629192197E-8
697	1.1631714325E-8
698	1.1634237001E-8
699	1.1636760223E-8
700	1.1639283993E-8
701	1.164180831E-8
702	1.1644333174E-8
703	1.1646858586E-8
704	1.1649384545E-8
705	1.1651911052E-8
706	1.1654438107E-8
707	1.165696571E-8
708	1.1659493861E-8
709	1.166202256E-8
710	1.1664551808E-8
711	1.1667081604E-8
712	1.1669611948E-8
713	1.1672142841E-8
714	1.1674674283E-8
715	1.1677206274E-8
716	1.1679738814E-8
717	1.1682271903E-8
718	1.1684805542E-8
719	1.1687339729E-8
720	1.1689874467E-8
721	1.1692409754E-8
722	1.169494559E-8
723	1.1697481977E-8
724	1.1700018913E-8
725	1.17025564E-8
726	1.1705094437E-8
727	1.1707633024E-8
728	1.1710172162E-8
729	1.171271185E-8
730	1.1715252089E-8
731	1.1717792879E-8
732	1.172033422E-8
733	1.1722876111E-8
734	1.1725418554E-8
735	1.1727961549E-8
736	1.1730505094E-8
737	1.1733049192E-8
738	1.1735593841E-8
739	1.1738139041E-8
740	1.1740684794E-8
741	1.1743231098E-8
742	1.1745777955E-8
743	1.1748325364E-8
744	1.1750873326E-8
745	1.175342184E-8
746	1.1755970906E-8
747	1.1758520525E-8
748	1.1761070697E-8
749	1.1763621422E-8
750	1.1766172701E-8
751	1.1768724532E-8
752	1.1771276917E-8
753	1.1773829855E-8
754	1.1776383347E-8
755	1.1778937392E-8
756	1.1781491992E-8
757	1.1784047145E-8
758	1.1786602852E-8
759	1.1789159114E-8
760	1.1791715929E-8
761	1.1794273299E-8
762	1.1796831224E-8
763	1.1799389704E-8
764	1.1801948738E-8
765	1.1804508327E-8
766	1.1807068471E-8
767	1.180962917E-8
768	1.1812190425E-8
769	1.1814752234E-8
770	1.18173146E-8
771	1.1819877521E-8
772	1.1822440997E-8
773	1.182500503E-8
774	1.1827569619E-8
775	1.1830134763E-8
776	1.1832700464E-8
777	1.1835266721E-8
778	1.1837833535E-8
779	1.1840400905E-8
780	1.1842968832E-8
781	1.1845537316E-8
782	1.1848106357E-8
783	1.1850675955E-8
784	1.185324611E-8
785	1.1855816822E-8
786	1.1858388092E-8
787	1.1860959919E-8
788	1.1863532304E-8
789	1.1866105247E-8
790	1.1868678748E-8
791	1.1871252806E-8
792	1.1873827423E-8
793	1.1876402598E-8
794	1.1878978332E-8
795	1.1881554624E-8
796	1.1884131475E-8
797	1.1886708884E-8
798	1.1889286853E-8
799	1.189186538E-8
800	1.1894444466E-8
801	1.1897024112E-8
802	1.1899604317E-8
803	1.1902185082E-8
804	1.1904766406E-8
805	1.190734829E-8
806	1.1909930734E-8
807	1.1912513738E-8
808	1.1915097301E-8
809	1.1917681425E-8
810	1.192026611E-8
811	1.1922851355E-8
812	1.192543716E-8
813	1.1928023526E-8
814	1.1930610453E-8
815	1.1933197941E-8
816	1.193578599E-8
817	1.19383746E-8
818	1.1940963772E-8
819	1.1943553505E-8
820	1.1946143799E-8
821	1.1948734655E-8
822	1.1951326073E-8
823	1.1953918053E-8
824	1.1956510595E-8
825	1.1959103699E-8
826	1.1961697365E-8
827	1.1964291594E-8
828	1.1966886385E-8
829	1.1969481739E-8
830	1.1972077656E-8
831	1.1974674136E-8
832	1.1977271178E-8
833	1.1979868784E-8
834	1.1982466953E-8
835	1.1985065685E-8
836	1.1987664981E-8
837	1.1990264841E-8
838	1.1992865264E-8
839	1.1995466251E-8
840	1.1998067802E-8
841	1.2000669917E-8
842	1.2003272597E-8
843	1.2005875841E-8
844	1.2008479649E-8
845	1.2011084022E-8
846	1.201368896E-8
847	1.2016294462E-8
848	1.201890053E-8
849	1.2021507162E-8
850	1.202411436E-8
851	1.2026722123E-8
852	1.2029330452E-8
853	1.2031939346E-8
854	1.2034548806E-8
855	1.2037158831E-8
856	1.2039769423E-8
857	1.2042380581E-8
858	1.2044992305E-8
859	1.2047604595E-8
860	1.2050217452E-8
861	1.2052830875E-8
862	1.2055444865E-8
863	1.2058059422E-8
864	1.2060674545E-8
865	1.2063290236E-8
866	1.2065906494E-8
867	1.2068523319E-8
868	1.2071140712E-8
869	1.2073758672E-8
870	1.20763772E-8
871	1.2078996296E-8
872	1.2081615959E-8
873	1.2084236191E-8
874	1.2086856991E-8
875	1.2089478359E-8
876	1.2092100295E-8
877	1.20947228E-8
878	1.2097345874E-8
879	1.2099969516E-8
880	1.2102593728E-8
881	1.2105218508E-8
882	1.2107843858E-8
883	1.2110469776E-8
884	1.2113096265E-8
885	1.2115723322E-8
886	1.211835095E-8
887	1.2120979147E-8
888	1.2123607914E-8
889	1.2126237251E-8
890	1.2128867158E-8
891	1.2131497636E-8
892	1.2134128683E-8
893	1.2136760302E-8
894	1.2139392491E-8
895	1.214202525E-8
896	1.2144658581E-8
897	1.2147292483E-8
898	1.2149926955E-8
899	1.2152561999E-8
900	1.2155197615E-8
901	1.2157833802E-8
902	1.216047056E-8
903	1.216310789E-8
904	1.2165745792E-8
905	1.2168384267E-8
906	1.2171023313E-8
907	1.2173662931E-8
908	1.2176303122E-8
909	1.2178943885E-8
910	1.2181585221E-8
911	1.218422713E-8
912	1.2186869611E-8
913	1.2189512666E-8
914	1.2192156294E-8
915	1.2194800494E-8
916	1.2197445269E-8
917	1.2200090616E-8
918	1.2202736538E-8
919	1.2205383033E-8
920	1.2208030102E-8
921	1.2210677745E-8
922	1.2213325962E-8
923	1.2215974753E-8
924	1.2218624118E-8
925	1.2221274058E-8
926	1.2223924573E-8
927	1.2226575662E-8
928	1.2229227327E-8
929	1.2231879566E-8
930	1.223453238E-8
931	1.223718577E-8
932	1.2239839735E-8
933	1.2242494275E-8
934	1.2245149391E-8
935	1.2247805083E-8
936	1.225046135E-8
937	1.2253118194E-8
938	1.2255775613E-8
939	1.2258433609E-8
940	1.2261092181E-8
941	1.226375133E-8
942	1.2266411055E-8
943	1.2269071357E-8
944	1.2271732236E-8
945	1.2274393692E-8
946	1.2277055725E-8
947	1.2279718335E-8
948	1.2282381523E-8
949	1.2285045288E-8
950	1.228770963E-8
951	1.229037455E-8
952	1.2293040049E-8
953	1.2295706125E-8
954	1.2298372779E-8
955	1.2301040011E-8
956	1.2303707822E-8
957	1.2306376212E-8
958	1.2309045179E-8
959	1.2311714726E-8
960	1.2314384851E-8
961	1.2317055556E-8
962	1.2319726839E-8
963	1.2322398702E-8
964	1.2325071144E-8
965	1.2327744166E-8
966	1.2330417767E-8
967	1.2333091948E-8
968	1.2335766709E-8
969	1.233844205E-8
970	1.2341117971E-8
971	1.2343794472E-8
972	1.2346471553E-8
973	1.2349149215E-8
974	1.2351827458E-8
975	1.2354506281E-8
976	1.2357185685E-8
977	1.2359865671E-8
978	1.2362546237E-8
979	1.2365227384E-8
980	1.2367909113E-8
981	1.2370591424E-8
982	1.2373274316E-8
983	1.237595779E-8
984	1.2378641845E-8
985	1.2381326483E-8
986	1.2384011703E-8
987	1.2386697505E-8
988	1.2389383889E-8
989	1.2392070856E-8
990	1.2394758406E-8
991	1.2397446538E-8
992	1.2400135253E-8
993	1.2402824551E-8
994	1.2405514433E-8
995	1.2408204897E-8
996	1.2410895945E-8
997	1.2413587577E-8
998	1.2416279792E-8
999	1.2418972591E-8
1000	1.2421665973E-8
