0	1E-8	1E-8
1	1.0009306231E-8	1.0033170941E-8
2	1.0018621122E-8	1.0066451911E-8
3	1.0027944681E-8	1.0099843276E-8
4	1.0037276916E-8	1.0133345401E-8
5	1.0046617835E-8	1.0166958653E-8
6	1.0055967447E-8	1.0200683402E-8
7	1.0065325759E-8	1.0234520016E-8
8	1.007469278E-8	1.0268468868E-8
9	1.0084068517E-8	1.030253033E-8
10	1.0093452979E-8	1.0336704774E-8
11	1.0102846174E-8	1.0370992576E-8
12	1.011224811E-8	1.0405394112E-8
13	1.0121658795E-8	1.0439909758E-8
14	1.0131078237E-8	1.0474539894E-8
15	1.0140506445E-8	1.05092849E-8
16	1.0149943426E-8	1.0544145155E-8
17	1.0159389189E-8	1.0579121043E-8
18	1.0168843742E-8	1.0614212947E-8
19	1.0178307092E-8	1.0649421252E-8
20	1.0187779249E-8	1.0684746344E-8
21	1.0197260221E-8	1.072018861E-8
22	1.0206750015E-8	1.075574844E-8
23	1.021624864E-8	1.0791426222E-8
24	1.0225756104E-8	1.0827222348E-8
25	1.0235272415E-8	1.0863137211E-8
26	1.0244797582E-8	1.0899171205E-8
27	1.0254331613E-8	1.0935324724E-8
28	1.0263874515E-8	1.0971598165E-8
29	1.0273426298E-8	1.1007991927E-8
30	1.028298697E-8	1.1044506407E-8
31	1.0292556538E-8	1.1081142007E-8
32	1.0302135011E-8	1.1117899128E-8
33	1.0311722398E-8	1.1154778173E-8
34	1.0321318706E-8	1.1191779547E-8
35	1.0330923944E-8	1.1228903655E-8
36	1.034053812E-8	1.1266150905E-8
37	1.0350161243E-8	1.1303521705E-8
38	1.0359793321E-8	1.1341016464E-8
39	1.0369434362E-8	1.1378635595E-8
40	1.0379084375E-8	1.1416379509E-8
41	1.0388743368E-8	1.145424862E-8
42	1.0398411348E-8	1.1492243344E-8
43	1.0408088326E-8	1.1530364097E-8
44	1.0417774308E-8	1.1568611298E-8
45	1.0427469304E-8	1.1606985365E-8
46	1.0437173322E-8	1.164548672E-8
47	1.0446886369E-8	1.1684115784E-8
48	1.0456608456E-8	1.1722872982E-8
49	1.0466339589E-8	1.1761758738E-8
50	1.0476079778E-8	1.1800773479E-8
51	1.048582903E-8	1.1839917633E-8
52	1.0495587355E-8	1.1879191628E-8
53	1.050535476E-8	1.1918595896E-8
54	1.0515131254E-8	1.1958130868E-8
55	1.0524916847E-8	1.1997796979E-8
56	1.0534711545E-8	1.2037594662E-8
57	1.0544515357E-8	1.2077524356E-8
58	1.0554328293E-8	1.2117586496E-8
59	1.056415036E-8	1.2157781524E-8
60	1.0573981567E-8	1.2198109878E-8
61	1.0583821922E-8	1.2238572003E-8
62	1.0593671435E-8	1.2279168341E-8
63	1.0603530113E-8	1.2319899337E-8
64	1.0613397965E-8	1.2360765439E-8
65	1.0623275E-8	1.2401767094E-8
66	1.0633161226E-8	1.2442904752E-8
67	1.0643056651E-8	1.2484178865E-8
68	1.0652961285E-8	1.2525589883E-8
69	1.0662875135E-8	1.2567138263E-8
70	1.0672798211E-8	1.2608824459E-8
71	1.0682730521E-8	1.2650648929E-8
72	1.0692672073E-8	1.2692612131E-8
73	1.0702622877E-8	1.2734714525E-8
74	1.071258294E-8	1.2776956573E-8
75	1.0722552271E-8	1.2819338738E-8
76	1.073253088E-8	1.2861861486E-8
77	1.0742518774E-8	1.2904525281E-8
78	1.0752515963E-8	1.2947330593E-8
79	1.0762522454E-8	1.2990277891E-8
80	1.0772538257E-8	1.3033367644E-8
81	1.078256338E-8	1.3076600327E-8
82	1.0792597832E-8	1.3119976413E-8
83	1.0802641622E-8	1.3163496378E-8
84	1.0812694757E-8	1.3207160698E-8
85	1.0822757248E-8	1.3250969853E-8
86	1.0832829103E-8	1.3294924324E-8
87	1.0842910329E-8	1.3339024591E-8
88	1.0853000937E-8	1.338327114E-8
89	1.0863100935E-8	1.3427664454E-8
90	1.0873210331E-8	1.3472205021E-8
91	1.0883329135E-8	1.3516893329E-8
92	1.0893457354E-8	1.3561729868E-8
93	1.0903594999E-8	1.360671513E-8
94	1.0913742077E-8	1.3651849609E-8
95	1.0923898597E-8	1.3697133798E-8
96	1.0934064568E-8	1.3742568195E-8
97	1.094424E-8	1.3788153298E-8
98	1.09544249E-8	1.3833889607E-8
99	1.0964619277E-8	1.3879777623E-8
100	1.0974823141E-8	1.392581785E-8
101	1.09850365E-8	1.3972010792E-8
102	1.0995259364E-8	1.4018356955E-8
103	1.100549174E-8	1.4064856849E-8
104	1.1015733637E-8	1.4111510983E-8
105	1.1025985065E-8	1.4158319869E-8
106	1.1036246033E-8	1.4205284019E-8
107	1.1046516549E-8	1.4252403949E-8
108	1.1056796622E-8	1.4299680176E-8
109	1.1067086262E-8	1.4347113218E-8
110	1.1077385476E-8	1.4394703595E-8
111	1.1087694274E-8	1.4442451829E-8
112	1.1098012665E-8	1.4490358443E-8
113	1.1108340657E-8	1.4538423964E-8
114	1.1118678261E-8	1.4586648917E-8
115	1.1129025484E-8	1.4635033833E-8
116	1.1139382335E-8	1.468357924E-8
117	1.1149748824E-8	1.4732285673E-8
118	1.1160124959E-8	1.4781153664E-8
119	1.117051075E-8	1.4830183749E-8
120	1.1180906205E-8	1.4879376468E-8
121	1.1191311334E-8	1.4928732357E-8
122	1.1201726145E-8	1.497825196E-8
123	1.1212150647E-8	1.5027935819E-8
124	1.122258485E-8	1.5077784479E-8
125	1.1233028763E-8	1.5127798486E-8
126	1.1243482394E-8	1.5177978388E-8
127	1.1253945752E-8	1.5228324737E-8
128	1.1264418847E-8	1.5278838084E-8
129	1.1274901688E-8	1.5329518983E-8
130	1.1285394283E-8	1.538036799E-8
131	1.1295896642E-8	1.5431385663E-8
132	1.1306408774E-8	1.548257256E-8
133	1.1316930688E-8	1.5533929243E-8
134	1.1327462393E-8	1.5585456276E-8
135	1.1338003898E-8	1.5637154223E-8
136	1.1348555213E-8	1.5689023651E-8
137	1.1359116345E-8	1.5741065129E-8
138	1.1369687306E-8	1.5793279228E-8
139	1.1380268103E-8	1.584566652E-8
140	1.1390858746E-8	1.589822758E-8
141	1.1401459244E-8	1.5950962984E-8
142	1.1412069606E-8	1.600387331E-8
143	1.1422689841E-8	1.6056959138E-8
144	1.1433319959E-8	1.6110221051E-8
145	1.1443959969E-8	1.6163659633E-8
146	1.1454609879E-8	1.621727547E-8
147	1.14652697E-8	1.6271069149E-8
148	1.1475939441E-8	1.632504126E-8
149	1.1486619109E-8	1.6379192396E-8
150	1.1497308716E-8	1.6433523149E-8
151	1.150800827E-8	1.6488034117E-8
152	1.1518717781E-8	1.6542725896E-8
153	1.1529437257E-8	1.6597599086E-8
154	1.1540166708E-8	1.665265429E-8
155	1.1550906143E-8	1.670789211E-8
156	1.1561655571E-8	1.6763313152E-8
157	1.1572415003E-8	1.6818918025E-8
158	1.1583184447E-8	1.6874707337E-8
159	1.1593963912E-8	1.6930681701E-8
160	1.1604753407E-8	1.698684173E-8
161	1.1615552943E-8	1.7043188041E-8
162	1.1626362528E-8	1.7099721251E-8
163	1.1637182172E-8	1.7156441979E-8
164	1.1648011884E-8	1.7213350849E-8
165	1.1658851674E-8	1.7270448484E-8
166	1.166970155E-8	1.7327735509E-8
167	1.1680561523E-8	1.7385212554E-8
168	1.1691431602E-8	1.7442880249E-8
169	1.1702311795E-8	1.7500739225E-8
170	1.1713202113E-8	1.7558790118E-8
171	1.1724102564E-8	1.7617033564E-8
172	1.1735013159E-8	1.7675470201E-8
173	1.1745933907E-8	1.773410067E-8
174	1.1756864817E-8	1.7792925615E-8
175	1.1767805899E-8	1.785194568E-8
176	1.1778757161E-8	1.7911161512E-8
177	1.1789718614E-8	1.7970573761E-8
178	1.1800690268E-8	1.8030183078E-8
179	1.181167213E-8	1.8089990117E-8
180	1.1822664212E-8	1.8149995534E-8
181	1.1833666522E-8	1.8210199987E-8
182	1.1844679071E-8	1.8270604135E-8
183	1.1855701867E-8	1.8331208642E-8
184	1.186673492E-8	1.8392014171E-8
185	1.187777824E-8	1.845302139E-8
186	1.1888831835E-8	1.8514230967E-8
187	1.1899895717E-8	1.8575643574E-8
188	1.1910969894E-8	1.8637259884E-8
189	1.1922054376E-8	1.8699080572E-8
190	1.1933149173E-8	1.8761106317E-8
191	1.1944254293E-8	1.8823337799E-8
192	1.1955369747E-8	1.88857757E-8
193	1.1966495545E-8	1.8948420705E-8
194	1.1977631695E-8	1.90112735E-8
195	1.1988778208E-8	1.9074334775E-8
196	1.1999935093E-8	1.9137605221E-8
197	1.201110236E-8	1.9201085533E-8
198	1.2022280019E-8	1.9264776406E-8
199	1.2033468079E-8	1.9328678538E-8
200	1.2044666549E-8	1.9392792631E-8
201	1.2055875441E-8	1.9457119387E-8
202	1.2067094762E-8	1.9521659511E-8
203	1.2078324523E-8	1.9586413712E-8
204	1.2089564734E-8	1.96513827E-8
205	1.2100815404E-8	1.9716567186E-8
206	1.2112076544E-8	1.9781967886E-8
207	1.2123348162E-8	1.9847585516E-8
208	1.2134630269E-8	1.9913420797E-8
209	1.2145922874E-8	1.997947445E-8
210	1.2157225987E-8	2.0045747199E-8
211	1.2168539619E-8	2.0112239772E-8
212	1.2179863777E-8	2.0178952896E-8
213	1.2191198474E-8	2.0245887305E-8
214	1.2202543717E-8	2.0313043731E-8
215	1.2213899518E-8	2.0380422911E-8
216	1.2225265885E-8	2.0448025584E-8
217	1.223664283E-8	2.0515852491E-8
218	1.224803036E-8	2.0583904376E-8
219	1.2259428488E-8	2.0652181986E-8
220	1.2270837221E-8	2.0720686068E-8
221	1.2282256571E-8	2.0789417374E-8
222	1.2293686546E-8	2.0858376657E-8
223	1.2305127158E-8	2.0927564674E-8
224	1.2316578415E-8	2.0996982184E-8
225	1.2328040328E-8	2.1066629947E-8
226	1.2339512907E-8	2.1136508728E-8
227	1.2350996161E-8	2.1206619292E-8
228	1.2362490101E-8	2.1276962408E-8
229	1.2373994736E-8	2.1347538848E-8
230	1.2385510076E-8	2.1418349386E-8
231	1.2397036132E-8	2.1489394797E-8
232	1.2408572912E-8	2.1560675861E-8
233	1.2420120429E-8	2.163219336E-8
234	1.243167869E-8	2.1703948078E-8
235	1.2443247707E-8	2.1775940801E-8
236	1.2454827489E-8	2.1848172319E-8
237	1.2466418046E-8	2.1920643423E-8
238	1.2478019388E-8	2.199335491E-8
239	1.2489631526E-8	2.2066307575E-8
240	1.2501254469E-8	2.213950222E-8
241	1.2512888227E-8	2.2212939645E-8
242	1.2524532811E-8	2.2286620658E-8
243	1.2536188231E-8	2.2360546065E-8
244	1.2547854496E-8	2.2434716677E-8
245	1.2559531617E-8	2.2509133307E-8
246	1.2571219603E-8	2.2583796772E-8
247	1.2582918466E-8	2.265870789E-8
248	1.2594628214E-8	2.2733867483E-8
249	1.2606348859E-8	2.2809276374E-8
250	1.261808041E-8	2.2884935391E-8
251	1.2629822877E-8	2.2960845363E-8
252	1.2641576271E-8	2.3037007122E-8
253	1.2653340602E-8	2.3113421504E-8
254	1.266511588E-8	2.3190089346E-8
255	1.2676902115E-8	2.326701149E-8
256	1.2688699317E-8	2.3344188778E-8
257	1.2700507496E-8	2.3421622057E-8
258	1.2712326663E-8	2.3499312175E-8
259	1.2724156829E-8	2.3577259986E-8
260	1.2735998002E-8	2.3655466343E-8
261	1.2747850194E-8	2.3733932103E-8
262	1.2759713414E-8	2.3812658129E-8
263	1.2771587674E-8	2.3891645281E-8
264	1.2783472982E-8	2.3970894428E-8
265	1.279536935E-8	2.4050406436E-8
266	1.2807276788E-8	2.413018218E-8
267	1.2819195306E-8	2.4210222532E-8
268	1.2831124914E-8	2.4290528372E-8
269	1.2843065622E-8	2.4371100578E-8
270	1.2855017442E-8	2.4451940036E-8
271	1.2866980383E-8	2.453304763E-8
272	1.2878954456E-8	2.4614424252E-8
273	1.2890939671E-8	2.4696070792E-8
274	1.2902936038E-8	2.4777988146E-8
275	1.2914943568E-8	2.4860177212E-8
276	1.2926962271E-8	2.4942638892E-8
277	1.2938992158E-8	2.502537409E-8
278	1.2951033238E-8	2.5108383712E-8
279	1.2963085523E-8	2.519166867E-8
280	1.2975149023E-8	2.5275229875E-8
281	1.2987223748E-8	2.5359068245E-8
282	1.2999309709E-8	2.5443184699E-8
283	1.3011406915E-8	2.5527580159E-8
284	1.3023515378E-8	2.561225555E-8
285	1.3035635109E-8	2.5697211802E-8
286	1.3047766117E-8	2.5782449844E-8
287	1.3059908413E-8	2.5867970613E-8
288	1.3072062007E-8	2.5953775045E-8
289	1.308422691E-8	2.6039864082E-8
290	1.3096403133E-8	2.6126238668E-8
291	1.3108590686E-8	2.6212899749E-8
292	1.3120789579E-8	2.6299848276E-8
293	1.3132999824E-8	2.6387085202E-8
294	1.3145221431E-8	2.6474611484E-8
295	1.3157454409E-8	2.6562428081E-8
296	1.3169698771E-8	2.6650535956E-8
297	1.3181954526E-8	2.6738936076E-8
298	1.3194221685E-8	2.682762941E-8
299	1.3206500259E-8	2.6916616929E-8
300	1.3218790257E-8	2.7005899611E-8
301	1.3231091692E-8	2.7095478433E-8
302	1.3243404574E-8	2.7185354379E-8
303	1.3255728912E-8	2.7275528432E-8
304	1.3268064719E-8	2.7366001584E-8
305	1.3280412003E-8	2.7456774824E-8
306	1.3292770777E-8	2.7547849149E-8
307	1.3305141052E-8	2.7639225557E-8
308	1.3317522836E-8	2.773090505E-8
309	1.3329916142E-8	2.7822888633E-8
310	1.3342320979E-8	2.7915177315E-8
311	1.335473736E-8	2.8007772108E-8
312	1.3367165294E-8	2.8100674027E-8
313	1.3379604792E-8	2.8193884091E-8
314	1.3392055865E-8	2.8287403321E-8
315	1.3404518524E-8	2.8381232743E-8
316	1.3416992779E-8	2.8475373387E-8
317	1.3429478641E-8	2.8569826283E-8
318	1.3441976122E-8	2.8664592468E-8
319	1.3454485232E-8	2.8759672981E-8
320	1.3467005981E-8	2.8855068864E-8
321	1.3479538381E-8	2.8950781163E-8
322	1.3492082442E-8	2.9046810928E-8
323	1.3504638175E-8	2.9143159212E-8
324	1.3517205591E-8	2.9239827071E-8
325	1.3529784702E-8	2.9336815564E-8
326	1.3542375517E-8	2.9434125756E-8
327	1.3554978048E-8	2.9531758714E-8
328	1.3567592305E-8	2.9629715507E-8
329	1.35802183E-8	2.9727997211E-8
330	1.3592856043E-8	2.9826604902E-8
331	1.3605505546E-8	2.9925539661E-8
332	1.3618166819E-8	3.0024802574E-8
333	1.3630839873E-8	3.0124394729E-8
334	1.3643524719E-8	3.0224317218E-8
335	1.3656221369E-8	3.0324571136E-8
336	1.3668929833E-8	3.0425157582E-8
337	1.3681650121E-8	3.0526077661E-8
338	1.3694382246E-8	3.0627332477E-8
339	1.3707126219E-8	3.0728923141E-8
340	1.3719882049E-8	3.0830850768E-8
341	1.3732649748E-8	3.0933116474E-8
342	1.3745429327E-8	3.1035721382E-8
343	1.3758220799E-8	3.1138666615E-8
344	1.3771024172E-8	3.1241953303E-8
345	1.3783839458E-8	3.1345582579E-8
346	1.3796666669E-8	3.1449555577E-8
347	1.3809505816E-8	3.155387344E-8
348	1.3822356909E-8	3.1658537309E-8
349	1.383521996E-8	3.1763548333E-8
350	1.384809498E-8	3.1868907664E-8
351	1.386098198E-8	3.1974616455E-8
352	1.3873880972E-8	3.2080675867E-8
353	1.3886791965E-8	3.2187087063E-8
354	1.3899714972E-8	3.2293851208E-8
355	1.3912650004E-8	3.2400969474E-8
356	1.3925597071E-8	3.2508443035E-8
357	1.3938556186E-8	3.2616273069E-8
358	1.3951527359E-8	3.2724460759E-8
359	1.3964510601E-8	3.2833007292E-8
360	1.3977505924E-8	3.2941913856E-8
361	1.3990513339E-8	3.3051181646E-8
362	1.4003532857E-8	3.316081186E-8
363	1.401656449E-8	3.3270805701E-8
364	1.4029608248E-8	3.3381164373E-8
365	1.4042664144E-8	3.3491889088E-8
366	1.4055732187E-8	3.3602981059E-8
367	1.406881239E-8	3.3714441505E-8
368	1.4081904764E-8	3.3826271646E-8
369	1.409500932E-8	3.393847271E-8
370	1.410812607E-8	3.4051045927E-8
371	1.4121255025E-8	3.4163992531E-8
372	1.4134396195E-8	3.4277313759E-8
373	1.4147549594E-8	3.4391010856E-8
374	1.4160715231E-8	3.4505085067E-8
375	1.4173893119E-8	3.4619537643E-8
376	1.4187083268E-8	3.4734369839E-8
377	1.420028569E-8	3.4849582914E-8
378	1.4213500397E-8	3.4965178131E-8
379	1.4226727401E-8	3.5081156757E-8
380	1.4239966711E-8	3.5197520065E-8
381	1.425321834E-8	3.531426933E-8
382	1.42664823E-8	3.5431405832E-8
383	1.4279758601E-8	3.5548930855E-8
384	1.4293047256E-8	3.5666845688E-8
385	1.4306348275E-8	3.5785151624E-8
386	1.4319661671E-8	3.590384996E-8
387	1.4332987454E-8	3.6022941997E-8
388	1.4346325637E-8	3.6142429041E-8
389	1.435967623E-8	3.6262312402E-8
390	1.4373039246E-8	3.6382593395E-8
391	1.4386414696E-8	3.6503273338E-8
392	1.4399802591E-8	3.6624353554E-8
393	1.4413202943E-8	3.6745835371E-8
394	1.4426615764E-8	3.6867720121E-8
395	1.4440041065E-8	3.699000914E-8
396	1.4453478858E-8	3.7112703769E-8
397	1.4466929154E-8	3.7235805353E-8
398	1.4480391965E-8	3.7359315242E-8
399	1.4493867304E-8	3.7483234789E-8
400	1.450735518E-8	3.7607565355E-8
401	1.4520855606E-8	3.7732308301E-8
402	1.4534368595E-8	3.7857464996E-8
403	1.4547894157E-8	3.7983036812E-8
404	1.4561432303E-8	3.8109025125E-8
405	1.4574983046E-8	3.8235431316E-8
406	1.4588546398E-8	3.8362256773E-8
407	1.4602122371E-8	3.8489502884E-8
408	1.4615710975E-8	3.8617171046E-8
409	1.4629312222E-8	3.8745262658E-8
410	1.4642926126E-8	3.8873779124E-8
411	1.4656552697E-8	3.9002721854E-8
412	1.4670191946E-8	3.9132092261E-8
413	1.4683843886E-8	3.9261891763E-8
414	1.4697508529E-8	3.9392121784E-8
415	1.4711185887E-8	3.9522783751E-8
416	1.472487597E-8	3.9653879097E-8
417	1.4738578792E-8	3.978540926E-8
418	1.4752294363E-8	3.9917375681E-8
419	1.4766022697E-8	4.0049779807E-8
420	1.4779763804E-8	4.0182623091E-8
421	1.4793517696E-8	4.0315906987E-8
422	1.4807284386E-8	4.0449632958E-8
423	1.4821063886E-8	4.058380247E-8
424	1.4834856206E-8	4.0718416994E-8
425	1.484866136E-8	4.0853478005E-8
426	1.4862479359E-8	4.0988986984E-8
427	1.4876310215E-8	4.1124945418E-8
428	1.4890153939E-8	4.1261354797E-8
429	1.4904010545E-8	4.1398216615E-8
430	1.4917880044E-8	4.1535532375E-8
431	1.4931762448E-8	4.167330358E-8
432	1.4945657768E-8	4.1811531743E-8
433	1.4959566018E-8	4.1950218377E-8
434	1.4973487208E-8	4.2089365005E-8
435	1.4987421352E-8	4.222897315E-8
436	1.500136846E-8	4.2369044344E-8
437	1.5015328546E-8	4.2509580123E-8
438	1.5029301621E-8	4.2650582028E-8
439	1.5043287697E-8	4.2792051603E-8
440	1.5057286786E-8	4.2933990401E-8
441	1.5071298901E-8	4.3076399977E-8
442	1.5085324053E-8	4.3219281893E-8
443	1.5099362256E-8	4.3362637715E-8
444	1.5113413519E-8	4.3506469015E-8
445	1.5127477857E-8	4.365077737E-8
446	1.5141555281E-8	4.3795564361E-8
447	1.5155645804E-8	4.3940831577E-8
448	1.5169749436E-8	4.408658061E-8
449	1.5183866191E-8	4.4232813058E-8
450	1.5197996082E-8	4.4379530524E-8
451	1.5212139119E-8	4.4526734616E-8
452	1.5226295316E-8	4.4674426949E-8
453	1.5240464684E-8	4.4822609141E-8
454	1.5254647236E-8	4.4971282818E-8
455	1.5268842984E-8	4.5120449609E-8
456	1.528305194E-8	4.527011115E-8
457	1.5297274117E-8	4.5420269081E-8
458	1.5311509527E-8	4.5570925048E-8
459	1.5325758182E-8	4.5722080704E-8
460	1.5340020095E-8	4.5873737706E-8
461	1.5354295277E-8	4.6025897716E-8
462	1.5368583742E-8	4.6178562402E-8
463	1.5382885501E-8	4.6331733438E-8
464	1.5397200567E-8	4.6485412504E-8
465	1.5411528952E-8	4.6639601284E-8
466	1.5425870669E-8	4.6794301468E-8
467	1.544022573E-8	4.6949514754E-8
468	1.5454594148E-8	4.7105242841E-8
469	1.5468975934E-8	4.7261487438E-8
470	1.5483371102E-8	4.7418250258E-8
471	1.5497779663E-8	4.7575533019E-8
472	1.5512201631E-8	4.7733337445E-8
473	1.5526637017E-8	4.7891665267E-8
474	1.5541085835E-8	4.805051822E-8
475	1.5555548096E-8	4.8209898046E-8
476	1.5570023813E-8	4.8369806492E-8
477	1.5584512999E-8	4.8530245312E-8
478	1.5599015666E-8	4.8691216264E-8
479	1.5613531827E-8	4.8852721112E-8
480	1.5628061494E-8	4.9014761629E-8
481	1.564260468E-8	4.9177339589E-8
482	1.5657161397E-8	4.9340456776E-8
483	1.5671731659E-8	4.9504114978E-8
484	1.5686315477E-8	4.9668315988E-8
485	1.5700912864E-8	4.9833061608E-8
486	1.5715523832E-8	4.9998353642E-8
487	1.5730148396E-8	5.0164193904E-8
488	1.5744786566E-8	5.0330584212E-8
489	1.5759438356E-8	5.0497526389E-8
490	1.5774103779E-8	5.0665022265E-8
491	1.5788782846E-8	5.0833073678E-8
492	1.5803475571E-8	5.1001682469E-8
493	1.5818181967E-8	5.1170850487E-8
494	1.5832902046E-8	5.1340579587E-8
495	1.5847635821E-8	5.1510871628E-8
496	1.5862383304E-8	5.1681728479E-8
497	1.5877144509E-8	5.1853152012E-8
498	1.5891919447E-8	5.2025144106E-8
499	1.5906708133E-8	5.2197706647E-8
500	1.5921510579E-8	5.2370841528E-8
501	1.5936326796E-8	5.2544550645E-8
502	1.5951156799E-8	5.2718835903E-8
503	1.5966000601E-8	5.2893699213E-8
504	1.5980858213E-8	5.3069142492E-8
505	1.5995729649E-8	5.3245167664E-8
506	1.6010614921E-8	5.3421776657E-8
507	1.6025514043E-8	5.3598971409E-8
508	1.6040427027E-8	5.3776753861E-8
509	1.6055353887E-8	5.3955125963E-8
510	1.6070294635E-8	5.413408967E-8
511	1.6085249284E-8	5.4313646945E-8
512	1.6100217846E-8	5.4493799755E-8
513	1.6115200336E-8	5.4674550075E-8
514	1.6130196765E-8	5.4855899888E-8
515	1.6145207148E-8	5.5037851181E-8
516	1.6160231496E-8	5.5220405948E-8
517	1.6175269823E-8	5.5403566192E-8
518	1.6190322141E-8	5.558733392E-8
519	1.6205388465E-8	5.5771711147E-8
520	1.6220468806E-8	5.5956699893E-8
521	1.6235563178E-8	5.6142302188E-8
522	1.6250671595E-8	5.6328520065E-8
523	1.6265794068E-8	5.6515355566E-8
524	1.6280930611E-8	5.670281074E-8
525	1.6296081237E-8	5.689088764E-8
526	1.6311245959E-8	5.707958833E-8
527	1.6326424791E-8	5.7268914878E-8
528	1.6341617745E-8	5.7458869359E-8
529	1.6356824834E-8	5.7649453856E-8
530	1.6372046073E-8	5.7840670457E-8
531	1.6387281473E-8	5.803252126E-8
532	1.6402531048E-8	5.8225008367E-8
533	1.6417794811E-8	5.8418133889E-8
534	1.6433072776E-8	5.8611899942E-8
535	1.6448364956E-8	5.8806308651E-8
536	1.6463671363E-8	5.9001362147E-8
537	1.6478992011E-8	5.9197062568E-8
538	1.6494326913E-8	5.939341206E-8
539	1.6509676083E-8	5.9590412776E-8
540	1.6525039534E-8	5.9788066874E-8
541	1.6540417278E-8	5.9986376521E-8
542	1.6555809331E-8	6.0185343892E-8
543	1.6571215704E-8	6.0384971167E-8
544	1.658663641E-8	6.0585260536E-8
545	1.6602071464E-8	6.0786214193E-8
546	1.6617520879E-8	6.0987834341E-8
547	1.6632984668E-8	6.1190123192E-8
548	1.6648462844E-8	6.1393082962E-8
549	1.6663955421E-8	6.1596715876E-8
550	1.6679462412E-8	6.1801024167E-8
551	1.669498383E-8	6.2006010074E-8
552	1.6710519689E-8	6.2211675844E-8
553	1.6726070003E-8	6.2418023732E-8
554	1.6741634784E-8	6.2625056E-8
555	1.6757214048E-8	6.2832774918E-8
556	1.6772807805E-8	6.3041182762E-8
557	1.678841607E-8	6.3250281818E-8
558	1.6804038857E-8	6.3460074377E-8
559	1.681967618E-8	6.3670562739E-8
560	1.6835328051E-8	6.3881749211E-8
561	1.6850994484E-8	6.4093636109E-8
562	1.6866675493E-8	6.4306225756E-8
563	1.6882371092E-8	6.4519520481E-8
564	1.6898081293E-8	6.4733522624E-8
565	1.691380611E-8	6.4948234529E-8
566	1.6929545558E-8	6.516365855E-8
567	1.694529965E-8	6.537979705E-8
568	1.6961068398E-8	6.5596652397E-8
569	1.6976851817E-8	6.5814226969E-8
570	1.6992649921E-8	6.603252315E-8
571	1.7008462723E-8	6.6251543334E-8
572	1.7024290237E-8	6.6471289921E-8
573	1.7040132476E-8	6.6691765321E-8
574	1.7055989455E-8	6.691297195E-8
575	1.7071861186E-8	6.7134912233E-8
576	1.7087747684E-8	6.7357588603E-8
577	1.7103648962E-8	6.75810035E-8
578	1.7119565034E-8	6.7805159375E-8
579	1.7135495915E-8	6.8030058684E-8
580	1.7151441616E-8	6.8255703892E-8
581	1.7167402153E-8	6.8482097473E-8
582	1.718337754E-8	6.8709241909E-8
583	1.7199367789E-8	6.8937139689E-8
584	1.7215372915E-8	6.9165793313E-8
585	1.7231392931E-8	6.9395205285E-8
586	1.7247427852E-8	6.9625378121E-8
587	1.7263477692E-8	6.9856314344E-8
588	1.7279542463E-8	7.0088016486E-8
589	1.729562218E-8	7.0320487086E-8
590	1.7311716858E-8	7.0553728693E-8
591	1.732782651E-8	7.0787743863E-8
592	1.7343951148E-8	7.1022535162E-8
593	1.7360090789E-8	7.1258105163E-8
594	1.7376245445E-8	7.1494456449E-8
595	1.7392415132E-8	7.173159161E-8
596	1.7408599861E-8	7.1969513246E-8
597	1.7424799648E-8	7.2208223964E-8
598	1.7441014506E-8	7.2447726382E-8
599	1.7457244451E-8	7.2688023125E-8
600	1.7473489494E-8	7.2929116826E-8
601	1.7489749651E-8	7.3171010129E-8
602	1.7506024937E-8	7.3413705685E-8
603	1.7522315364E-8	7.3657206154E-8
604	1.7538620946E-8	7.3901514206E-8
605	1.7554941698E-8	7.4146632519E-8
606	1.7571277635E-8	7.4392563778E-8
607	1.758762877E-8	7.4639310681E-8
608	1.7603995116E-8	7.4886875932E-8
609	1.7620376689E-8	7.5135262244E-8
610	1.7636773503E-8	7.538447234E-8
611	1.7653185572E-8	7.5634508952E-8
612	1.7669612908E-8	7.588537482E-8
613	1.7686055528E-8	7.6137072695E-8
614	1.7702513446E-8	7.6389605336E-8
615	1.7718986676E-8	7.664297551E-8
616	1.773547523E-8	7.6897185994E-8
617	1.7751979124E-8	7.7152239576E-8
618	1.7768498374E-8	7.7408139051E-8
619	1.7785032991E-8	7.7664887223E-8
620	1.7801582991E-8	7.7922486908E-8
621	1.7818148388E-8	7.8180940928E-8
622	1.7834729197E-8	7.8440252118E-8
623	1.7851325432E-8	7.8700423318E-8
624	1.7867937106E-8	7.8961457382E-8
625	1.7884564234E-8	7.9223357169E-8
626	1.7901206832E-8	7.9486125552E-8
627	1.7917864913E-8	7.9749765409E-8
628	1.7934538491E-8	8.0014279631E-8
629	1.7951227581E-8	8.0279671118E-8
630	1.7967932197E-8	8.0545942778E-8
631	1.7984652355E-8	8.081309753E-8
632	1.8001388067E-8	8.1081138302E-8
633	1.8018139349E-8	8.1350068032E-8
634	1.8034906216E-8	8.1619889668E-8
635	1.8051688681E-8	8.1890606167E-8
636	1.8068486759E-8	8.2162220498E-8
637	1.8085300464E-8	8.2434735636E-8
638	1.8102129812E-8	8.2708154569E-8
639	1.8118974818E-8	8.2982480293E-8
640	1.8135835493E-8	8.3257715817E-8
641	1.8152711854E-8	8.3533864156E-8
642	1.8169603917E-8	8.3810928337E-8
643	1.8186511694E-8	8.4088911398E-8
644	1.8203435201E-8	8.4367816384E-8
645	1.8220374451E-8	8.4647646354E-8
646	1.8237329461E-8	8.4928404374E-8
647	1.8254300245E-8	8.5210093522E-8
648	1.8271286816E-8	8.5492716885E-8
649	1.828828919E-8	8.5776277561E-8
650	1.8305307382E-8	8.6060778658E-8
651	1.8322341407E-8	8.6346223294E-8
652	1.8339391277E-8	8.6632614598E-8
653	1.8356457009E-8	8.6919955709E-8
654	1.8373538619E-8	8.7208249776E-8
655	1.8390636119E-8	8.749749996E-8
656	1.8407749525E-8	8.7787709431E-8
657	1.8424878851E-8	8.8078881369E-8
658	1.8442024114E-8	8.8371018966E-8
659	1.8459185327E-8	8.8664125424E-8
660	1.8476362504E-8	8.8958203955E-8
661	1.8493555662E-8	8.9253257783E-8
662	1.8510764814E-8	8.9549290143E-8
663	1.8527989977E-8	8.9846304277E-8
664	1.8545231163E-8	9.0144303442E-8
665	1.8562488389E-8	9.0443290905E-8
666	1.857976167E-8	9.0743269941E-8
667	1.859705102E-8	9.1044243839E-8
668	1.8614356454E-8	9.1346215898E-8
669	1.8631677987E-8	9.1649189428E-8
670	1.8649015634E-8	9.1953167748E-8
671	1.8666369411E-8	9.2258154192E-8
672	1.8683739331E-8	9.2564152101E-8
673	1.8701125411E-8	9.2871164829E-8
674	1.8718527664E-8	9.3179195742E-8
675	1.8735946108E-8	9.3488248215E-8
676	1.8753380754E-8	9.3798325636E-8
677	1.877083162E-8	9.4109431403E-8
678	1.8788298721E-8	9.4421568926E-8
679	1.8805782072E-8	9.4734741627E-8
680	1.8823281685E-8	9.5048952937E-8
681	1.8840797579E-8	9.53642063E-8
682	1.8858329768E-8	9.5680505171E-8
683	1.8875878267E-8	9.5997853018E-8
684	1.889344309E-8	9.6316253318E-8
685	1.8911024254E-8	9.6635709561E-8
686	1.8928621773E-8	9.6956225249E-8
687	1.8946235664E-8	9.7277803893E-8
688	1.8963865939E-8	9.7600449019E-8
689	1.8981512615E-8	9.7924164163E-8
690	1.8999175708E-8	9.8248952873E-8
691	1.9016855233E-8	9.8574818708E-8
692	1.9034551204E-8	9.890176524E-8
693	1.9052263637E-8	9.9229796051E-8
694	1.9069992548E-8	9.9558914738E-8
695	1.9087737951E-8	9.9889124908E-8
696	1.9105499862E-8	1.0022043018E-7
697	1.9123278296E-8	1.0055283418E-7
698	1.914107327E-8	1.0088634056E-7
699	1.9158884798E-8	1.0122095297E-7
700	1.9176712894E-8	1.0155667508E-7
701	1.9194557575E-8	1.0189351056E-7
702	1.9212418857E-8	1.0223146312E-7
703	1.9230296755E-8	1.0257053644E-7
704	1.9248191283E-8	1.0291073426E-7
705	1.9266102458E-8	1.0325206029E-7
706	1.9284030296E-8	1.0359451828E-7
707	1.9301974811E-8	1.0393811198E-7
708	1.9319936018E-8	1.0428284516E-7
709	1.9337913934E-8	1.0462872159E-7
710	1.9355908574E-8	1.0497574507E-7
711	1.9373919955E-8	1.053239194E-7
712	1.9391948089E-8	1.056732484E-7
713	1.9409992994E-8	1.0602373588E-7
714	1.9428054686E-8	1.063753857E-7
715	1.9446133181E-8	1.0672820171E-7
716	1.9464228491E-8	1.0708218777E-7
717	1.9482340635E-8	1.0743734777E-7
718	1.9500469629E-8	1.077936856E-7
719	1.9518615487E-8	1.0815120515E-7
720	1.9536778224E-8	1.0850991036E-7
721	1.9554957856E-8	1.0886980515E-7
722	1.9573154401E-8	1.0923089346E-7
723	1.9591367874E-8	1.0959317925E-7
724	1.9609598288E-8	1.099566665E-7
725	1.9627845661E-8	1.1032135919E-7
726	1.9646110009E-8	1.106872613E-7
727	1.9664391348E-8	1.1105437686E-7
728	1.9682689691E-8	1.1142270989E-7
729	1.9701005056E-8	1.1179226442E-7
730	1.9719337459E-8	1.121630445E-7
731	1.9737686917E-8	1.125350542E-7
732	1.9756053442E-8	1.1290829759E-7
733	1.9774437052E-8	1.1328277877E-7
734	1.9792837764E-8	1.1365850183E-7
735	1.9811255593E-8	1.140354709E-7
736	1.9829690554E-8	1.144136901E-7
737	1.9848142664E-8	1.1479316359E-7
738	1.9866611938E-8	1.1517389551E-7
739	1.9885098394E-8	1.1555589005E-7
740	1.9903602045E-8	1.1593915138E-7
741	1.9922122909E-8	1.1632368372E-7
742	1.9940661001E-8	1.1670949126E-7
743	1.9959216339E-8	1.1709657825E-7
744	1.9977788936E-8	1.1748494891E-7
745	1.9996378809E-8	1.1787460752E-7
746	2.0014985976E-8	1.1826555833E-7
747	2.0033610452E-8	1.1865780564E-7
748	2.0052252251E-8	1.1905135374E-7
749	2.0070911391E-8	1.1944620694E-7
750	2.0089587889E-8	1.1984236957E-7
751	2.010828176E-8	1.2023984597E-7
752	2.0126993019E-8	1.206386405E-7
753	2.0145721683E-8	1.2103875753E-7
754	2.016446777E-8	1.2144020145E-7
755	2.0183231295E-8	1.2184297664E-7
756	2.0202012272E-8	1.2224708753E-7
757	2.022081072E-8	1.2265253855E-7
758	2.0239626655E-8	1.2305933413E-7
759	2.0258460093E-8	1.2346747874E-7
760	2.0277311047E-8	1.2387697684E-7
761	2.0296179538E-8	1.2428783293E-7
762	2.031506558E-8	1.2470005151E-7
763	2.0333969191E-8	1.2511363709E-7
764	2.0352890384E-8	1.2552859421E-7
765	2.0371829178E-8	1.2594492741E-7
766	2.0390785589E-8	1.2636264126E-7
767	2.0409759634E-8	1.2678174033E-7
768	2.0428751326E-8	1.2720222922E-7
769	2.0447760685E-8	1.2762411253E-7
770	2.0466787726E-8	1.2804739489E-7
771	2.0485832467E-8	1.2847208093E-7
772	2.0504894921E-8	1.2889817532E-7
773	2.0523975108E-8	1.2932568271E-7
774	2.0543073042E-8	1.2975460779E-7
775	2.0562188742E-8	1.3018495526E-7
776	2.0581322221E-8	1.3061672985E-7
777	2.0600473498E-8	1.3104993627E-7
778	2.061964259E-8	1.3148457928E-7
779	2.0638829513E-8	1.3192066364E-7
780	2.0658034281E-8	1.3235819412E-7
781	2.0677256914E-8	1.3279717553E-7
782	2.0696497427E-8	1.3323761267E-7
783	2.0715755838E-8	1.3367951037E-7
784	2.0735032161E-8	1.3412287347E-7
785	2.0754326414E-8	1.3456770683E-7
786	2.0773638615E-8	1.3501401533E-7
787	2.079296878E-8	1.3546180384E-7
788	2.0812316924E-8	1.3591107729E-7
789	2.0831683064E-8	1.3636184059E-7
790	2.0851067219E-8	1.3681409868E-7
791	2.0870469405E-8	1.3726785652E-7
792	2.0889889636E-8	1.3772311908E-7
793	2.0909327932E-8	1.3817989135E-7
794	2.0928784308E-8	1.3863817834E-7
795	2.0948258783E-8	1.3909798506E-7
796	2.096775137E-8	1.3955931655E-7
797	2.0987262089E-8	1.4002217787E-7
798	2.1006790956E-8	1.4048657409E-7
799	2.1026337988E-8	1.409525103E-7
800	2.10459032E-8	1.414199916E-7
801	2.1065486611E-8	1.4188902312E-7
802	2.1085088239E-8	1.4235961E-7
803	2.1104708099E-8	1.4283175739E-7
804	2.1124346206E-8	1.4330547046E-7
805	2.114400258E-8	1.4378075441E-7
806	2.1163677238E-8	1.4425761444E-7
807	2.1183370197E-8	1.4473605578E-7
808	2.120308147E-8	1.4521608367E-7
809	2.1222811079E-8	1.4569770337E-7
810	2.1242559039E-8	1.4618092016E-7
811	2.1262325368E-8	1.4666573933E-7
812	2.128211008E-8	1.4715216619E-7
813	2.1301913195E-8	1.4764020608E-7
814	2.132173473E-8	1.4812986434E-7
815	2.1341574703E-8	1.4862114633E-7
816	2.1361433127E-8	1.4911405745E-7
817	2.1381310022E-8	1.4960860308E-7
818	2.1401205406E-8	1.5010478865E-7
819	2.1421119295E-8	1.506026196E-7
820	2.1441051705E-8	1.5110210137E-7
821	2.1461002655E-8	1.5160323945E-7
822	2.1480972162E-8	1.5210603932E-7
823	2.1500960244E-8	1.5261050649E-7
824	2.1520966914E-8	1.5311664649E-7
825	2.1540992194E-8	1.5362446486E-7
826	2.15610361E-8	1.5413396717E-7
827	2.158109865E-8	1.54645159E-7
828	2.1601179858E-8	1.5515804595E-7
829	2.1621279744E-8	1.5567263364E-7
830	2.1641398326E-8	1.5618892772E-7
831	2.1661535621E-8	1.5670693382E-7
832	2.1681691643E-8	1.5722665764E-7
833	2.1701866413E-8	1.5774810486E-7
834	2.1722059948E-8	1.582712812E-7
835	2.1742272266E-8	1.5879619238E-7
836	2.1762503381E-8	1.5932284417E-7
837	2.1782753313E-8	1.5985124233E-7
838	2.180302208E-8	1.6038139265E-7
839	2.18233097E-8	1.6091330094E-7
840	2.1843616187E-8	1.6144697302E-7
841	2.1863941561E-8	1.6198241474E-7
842	2.188428584E-8	1.6251963198E-7
843	2.1904649042E-8	1.6305863061E-7
844	2.1925031181E-8	1.6359941653E-7
845	2.1945432277E-8	1.6414199568E-7
846	2.1965852349E-8	1.64686374E-7
847	2.1986291414E-8	1.6523255746E-7
848	2.2006749487E-8	1.6578055203E-7
849	2.2027226587E-8	1.6633036372E-7
850	2.2047722734E-8	1.6688199855E-7
851	2.2068237944E-8	1.6743546257E-7
852	2.2088772232E-8	1.6799076184E-7
853	2.2109325619E-8	1.6854790244E-7
854	2.2129898123E-8	1.6910689049E-7
855	2.2150489762E-8	1.6966773209E-7
856	2.2171100549E-8	1.702304334E-7
857	2.2191730506E-8	1.7079500058E-7
858	2.2212379651E-8	1.7136143982E-7
859	2.2233048003E-8	1.7192975732E-7
860	2.2253735574E-8	1.724999593E-7
861	2.2274442386E-8	1.7307205202E-7
862	2.2295168457E-8	1.7364604174E-7
863	2.2315913806E-8	1.7422193475E-7
864	2.2336678446E-8	1.7479973736E-7
865	2.2357462399E-8	1.753794559E-7
866	2.2378265683E-8	1.7596109671E-7
867	2.2399088316E-8	1.7654466618E-7
868	2.2419930312E-8	1.7713017069E-7
869	2.2440791692E-8	1.7771761666E-7
870	2.2461672475E-8	1.7830701052E-7
871	2.248257268E-8	1.7889835874E-7
872	2.2503492319E-8	1.7949166778E-7
873	2.2524431415E-8	1.8008694415E-7
874	2.2545389985E-8	1.8068419437E-7
875	2.2566368049E-8	1.8128342498E-7
876	2.258736562E-8	1.8188464255E-7
877	2.260838272E-8	1.8248785366E-7
878	2.2629419368E-8	1.8309306492E-7
879	2.2650475581E-8	1.8370028295E-7
880	2.2671551374E-8	1.8430951443E-7
881	2.2692646768E-8	1.84920766E-7
882	2.2713761783E-8	1.8553404438E-7
883	2.2734896436E-8	1.8614935628E-7
884	2.2756050741E-8	1.8676670844E-7
885	2.277722472E-8	1.8738610762E-7
886	2.2798418393E-8	1.8800756061E-7
887	2.2819631777E-8	1.8863107421E-7
888	2.2840864887E-8	1.8925665526E-7
889	2.2862117744E-8	1.8988431061E-7
890	2.2883390368E-8	1.9051404713E-7
891	2.2904682776E-8	1.9114587173E-7
892	2.2925994982E-8	1.9177979131E-7
893	2.294732701E-8	1.9241581284E-7
894	2.2968678878E-8	1.9305394326E-7
895	2.2990050604E-8	1.9369418958E-7
896	2.3011442202E-8	1.9433655881E-7
897	2.3032853695E-8	1.9498105798E-7
898	2.3054285101E-8	1.9562769416E-7
899	2.3075736439E-8	1.9627647442E-7
900	2.3097207724E-8	1.9692740587E-7
901	2.3118698977E-8	1.9758049565E-7
902	2.3140210218E-8	1.982357509E-7
903	2.3161741465E-8	1.9889317881E-7
904	2.3183292732E-8	1.9955278657E-7
905	2.3204864041E-8	2.0021458141E-7
906	2.3226455413E-8	2.0087857059E-7
907	2.3248066866E-8	2.0154476136E-7
908	2.3269698412E-8	2.0221316103E-7
909	2.3291350077E-8	2.0288377693E-7
910	2.3313021877E-8	2.0355661639E-7
911	2.3334713833E-8	2.0423168678E-7
912	2.3356425958E-8	2.0490899551E-7
913	2.3378158275E-8	2.0558854999E-7
914	2.3399910804E-8	2.0627035765E-7
915	2.3421683563E-8	2.0695442598E-7
916	2.3443476565E-8	2.0764076246E-7
917	2.3465289835E-8	2.0832937461E-7
918	2.3487123392E-8	2.0902026997E-7
919	2.3508977253E-8	2.0971345611E-7
920	2.3530851434E-8	2.1040894063E-7
921	2.3552745958E-8	2.1110673113E-7
922	2.3574660843E-8	2.1180683526E-7
923	2.3596596109E-8	2.125092607E-7
924	2.361855177E-8	2.1321401513E-7
925	2.3640527849E-8	2.1392110628E-7
926	2.3662524365E-8	2.1463054188E-7
927	2.3684541338E-8	2.1534232971E-7
928	2.3706578782E-8	2.1605647756E-7
929	2.3728636719E-8	2.1677299325E-7
930	2.375071517E-8	2.1749188465E-7
931	2.3772814154E-8	2.182131596E-7
932	2.3794933684E-8	2.1893682603E-7
933	2.3817073784E-8	2.1966289184E-7
934	2.3839234474E-8	2.20391365E-7
935	2.3861415773E-8	2.2112225348E-7
936	2.3883617694E-8	2.2185556529E-7
937	2.3905840263E-8	2.2259130846E-7
938	2.3928083497E-8	2.2332949104E-7
939	2.3950347417E-8	2.2407012113E-7
940	2.3972632036E-8	2.2481320683E-7
941	2.3994937379E-8	2.2555875628E-7
942	2.4017263465E-8	2.2630677764E-7
943	2.4039610313E-8	2.2705727912E-7
944	2.4061977937E-8	2.2781026892E-7
945	2.4084366362E-8	2.2856575529E-7
946	2.4106775606E-8	2.2932374652E-7
947	2.4129205691E-8	2.3008425089E-7
948	2.4151656628E-8	2.3084727674E-7
949	2.4174128444E-8	2.3161283243E-7
950	2.4196621156E-8	2.3238092633E-7
951	2.4219134786E-8	2.3315156687E-7
952	2.4241669346E-8	2.3392476247E-7
953	2.4264224862E-8	2.3470052162E-7
954	2.4286801353E-8	2.3547885279E-7
955	2.4309398839E-8	2.3625976452E-7
956	2.4332017333E-8	2.3704326537E-7
957	2.435465686E-8	2.378293639E-7
958	2.437731744E-8	2.3861806873E-7
959	2.4399999093E-8	2.3940938849E-7
960	2.4422701832E-8	2.4020333186E-7
961	2.4445425683E-8	2.4099990752E-7
962	2.4468170664E-8	2.4179912419E-7
963	2.4490936797E-8	2.4260099064E-7
964	2.4513724095E-8	2.4340551565E-7
965	2.4536532582E-8	2.4421270801E-7
966	2.4559362279E-8	2.4502257658E-7
967	2.4582213206E-8	2.4583513021E-7
968	2.4605085376E-8	2.4665037782E-7
969	2.4627978814E-8	2.4746832832E-7
970	2.4650893541E-8	2.4828899067E-7
971	2.4673829576E-8	2.4911237386E-7
972	2.4696786934E-8	2.4993848691E-7
973	2.4719765638E-8	2.5076733886E-7
974	2.4742765711E-8	2.5159893879E-7
975	2.4765787171E-8	2.524332958E-7
976	2.4788830038E-8	2.5327041903E-7
977	2.4811894327E-8	2.5411031766E-7
978	2.4834980062E-8	2.5495300086E-7
979	2.4858087264E-8	2.5579847788E-7
980	2.4881215953E-8	2.5664675797E-7
981	2.4904366142E-8	2.5749785042E-7
982	2.4927537858E-8	2.5835176454E-7
983	2.4950731121E-8	2.592085097E-7
984	2.497394595E-8	2.6006809526E-7
985	2.499718236E-8	2.6093053065E-7
986	2.5020440376E-8	2.617958253E-7
987	2.5043720019E-8	2.626639887E-7
988	2.5067021308E-8	2.6353503034E-7
989	2.5090344258E-8	2.6440895976E-7
990	2.5113688894E-8	2.6528578653E-7
991	2.5137055238E-8	2.6616552027E-7
992	2.5160443309E-8	2.6704817058E-7
993	2.518385312E-8	2.6793374715E-7
994	2.5207284699E-8	2.6882225966E-7
995	2.5230738066E-8	2.6971371785E-7
996	2.525421324E-8	2.7060813148E-7
997	2.5277710236E-8	2.7150551034E-7
998	2.530122908E-8	2.7240586425E-7
999	2.5324769792E-8	2.7330920308E-7
1000	2.5348332393E-8	2.7421553671E-7
