0	1E-8
1	1.0033170941E-8
2	1.0066451912E-8
3	1.0099843279E-8
4	1.0133345407E-8
5	1.0166958663E-8
6	1.0200683417E-8
7	1.0234520038E-8
8	1.0268468897E-8
9	1.0302530366E-8
10	1.033670482E-8
11	1.0370992632E-8
12	1.0405394179E-8
13	1.0439909839E-8
14	1.0474539988E-8
15	1.0509285009E-8
16	1.054414528E-8
17	1.0579121185E-8
18	1.0614213108E-8
19	1.0649421432E-8
20	1.0684746545E-8
21	1.0720188833E-8
22	1.0755748685E-8
23	1.0791426492E-8
24	1.0827222643E-8
25	1.0863137533E-8
26	1.0899171555E-8
27	1.0935325104E-8
28	1.0971598576E-8
29	1.1007992369E-8
30	1.1044506883E-8
31	1.1081142517E-8
32	1.1117899674E-8
33	1.1154778757E-8
34	1.1191780169E-8
35	1.1228904318E-8
36	1.1266151609E-8
37	1.1303522452E-8
38	1.1341017256E-8
39	1.1378636432E-8
40	1.1416380393E-8
41	1.1454249553E-8
42	1.1492244328E-8
43	1.1530365133E-8
44	1.1568612386E-8
45	1.1606986508E-8
46	1.164548792E-8
47	1.1684117042E-8
48	1.1722874299E-8
49	1.1761760116E-8
50	1.180077492E-8
51	1.1839919138E-8
52	1.1879193199E-8
53	1.1918597534E-8
54	1.1958132576E-8
55	1.1997798757E-8
56	1.2037596514E-8
57	1.2077526281E-8
58	1.2117588498E-8
59	1.2157783603E-8
60	1.2198112037E-8
61	1.2238574243E-8
62	1.2279170664E-8
63	1.2319901745E-8
64	1.2360767934E-8
65	1.2401769678E-8
66	1.2442907426E-8
67	1.2484181631E-8
68	1.2525592744E-8
69	1.2567141219E-8
70	1.2608827513E-8
71	1.2650652083E-8
72	1.2692615387E-8
73	1.2734717885E-8
74	1.2776960039E-8
75	1.2819342312E-8
76	1.2861865169E-8
77	1.2904529077E-8
78	1.2947334503E-8
79	1.2990281916E-8
80	1.3033371788E-8
81	1.3076604591E-8
82	1.31199808E-8
83	1.3163500889E-8
84	1.3207165336E-8
85	1.325097462E-8
86	1.3294929222E-8
87	1.3339029623E-8
88	1.3383276307E-8
89	1.3427669759E-8
90	1.3472210467E-8
91	1.3516898917E-8
92	1.3561735602E-8
93	1.3606721011E-8
94	1.3651855639E-8
95	1.3697139981E-8
96	1.3742574532E-8
97	1.3788159792E-8
98	1.383389626E-8
99	1.3879784438E-8
100	1.3925824829E-8
101	1.3972017938E-8
102	1.4018364271E-8
103	1.4064864337E-8
104	1.4111518645E-8
105	1.4158327708E-8
106	1.4205292038E-8
107	1.4252412151E-8
108	1.4299688563E-8
109	1.4347121792E-8
110	1.439471236E-8
111	1.4442460787E-8
112	1.4490367598E-8
113	1.4538433317E-8
114	1.4586658472E-8
115	1.4635043592E-8
116	1.4683589207E-8
117	1.4732295849E-8
118	1.4781164053E-8
119	1.4830194355E-8
120	1.4879387292E-8
121	1.4928743404E-8
122	1.4978263232E-8
123	1.5027947319E-8
124	1.5077796209E-8
125	1.512781045E-8
126	1.517799059E-8
127	1.5228337179E-8
128	1.527885077E-8
129	1.5329531915E-8
130	1.5380381172E-8
131	1.5431399098E-8
132	1.5482586251E-8
133	1.5533943194E-8
134	1.558547049E-8
135	1.5637168703E-8
136	1.56890384E-8
137	1.5741080152E-8
138	1.5793294527E-8
139	1.5845682098E-8
140	1.5898243441E-8
141	1.5950979132E-8
142	1.6003889748E-8
143	1.605697587E-8
144	1.6110238081E-8
145	1.6163676964E-8
146	1.6217293105E-8
147	1.6271087092E-8
148	1.6325059515E-8
149	1.6379210966E-8
150	1.643354204E-8
151	1.648805333E-8
152	1.6542745436E-8
153	1.6597618957E-8
154	1.6652674495E-8
155	1.6707912654E-8
156	1.6763334039E-8
157	1.6818939258E-8
158	1.6874728921E-8
159	1.6930703639E-8
160	1.6986864027E-8
161	1.70432107E-8
162	1.7099744277E-8
163	1.7156465376E-8
164	1.7213374621E-8
165	1.7270472634E-8
166	1.7327760044E-8
167	1.7385237476E-8
168	1.7442905563E-8
169	1.7500764935E-8
170	1.7558816229E-8
171	1.7617060079E-8
172	1.7675497126E-8
173	1.7734128009E-8
174	1.7792953373E-8
175	1.785197386E-8
176	1.791119012E-8
177	1.7970602802E-8
178	1.8030212556E-8
179	1.8090020036E-8
180	1.81500259E-8
181	1.8210230803E-8
182	1.8270635407E-8
183	1.8331240374E-8
184	1.8392046369E-8
185	1.8453054058E-8
186	1.851426411E-8
187	1.8575677197E-8
188	1.8637293992E-8
189	1.8699115171E-8
190	1.8761141411E-8
191	1.8823373394E-8
192	1.88858118E-8
193	1.8948457315E-8
194	1.9011310626E-8
195	1.9074372423E-8
196	1.9137643396E-8
197	1.9201124239E-8
198	1.9264815649E-8
199	1.9328718324E-8
200	1.9392832965E-8
201	1.9457160274E-8
202	1.9521700958E-8
203	1.9586455724E-8
204	1.9651425281E-8
205	1.9716610344E-8
206	1.9782011625E-8
207	1.9847629843E-8
208	1.9913465717E-8
209	1.9979519969E-8
210	2.0045793323E-8
211	2.0112286506E-8
212	2.0179000248E-8
213	2.0245935279E-8
214	2.0313092334E-8
215	2.0380472149E-8
216	2.0448075463E-8
217	2.0515903017E-8
218	2.0583955556E-8
219	2.0652233825E-8
220	2.0720738573E-8
221	2.0789470551E-8
222	2.0858430513E-8
223	2.0927619216E-8
224	2.0997037417E-8
225	2.1066685878E-8
226	2.1136565364E-8
227	2.1206676639E-8
228	2.1277020473E-8
229	2.1347597638E-8
230	2.1418408907E-8
231	2.1489455057E-8
232	2.1560736866E-8
233	2.1632255117E-8
234	2.1704010594E-8
235	2.1776004083E-8
236	2.1848236374E-8
237	2.1920708259E-8
238	2.1993420533E-8
239	2.2066373993E-8
240	2.2139569439E-8
241	2.2213007674E-8
242	2.2286689503E-8
243	2.2360615734E-8
244	2.2434787178E-8
245	2.2509204647E-8
246	2.2583868959E-8
247	2.2658780931E-8
248	2.2733941386E-8
249	2.2809351146E-8
250	2.2885011041E-8
251	2.2960921898E-8
252	2.303708455E-8
253	2.3113499833E-8
254	2.3190168584E-8
255	2.3267091645E-8
256	2.3344269858E-8
257	2.3421704071E-8
258	2.3499395131E-8
259	2.3577343891E-8
260	2.3655551206E-8
261	2.3734017934E-8
262	2.3812744934E-8
263	2.389173307E-8
264	2.3970983209E-8
265	2.4050496219E-8
266	2.4130272972E-8
267	2.4210314342E-8
268	2.4290621209E-8
269	2.4371194451E-8
270	2.4452034954E-8
271	2.4533143602E-8
272	2.4614521287E-8
273	2.4696168899E-8
274	2.4778087334E-8
275	2.4860277491E-8
276	2.4942740271E-8
277	2.5025476578E-8
278	2.5108487319E-8
279	2.5191773404E-8
280	2.5275335747E-8
281	2.5359175265E-8
282	2.5443292876E-8
283	2.5527689502E-8
284	2.561236607E-8
285	2.5697323508E-8
286	2.5782562747E-8
287	2.5868084722E-8
288	2.5953890371E-8
289	2.6039980634E-8
290	2.6126356457E-8
291	2.6213018785E-8
292	2.6299968569E-8
293	2.6387206763E-8
294	2.6474734323E-8
295	2.656255221E-8
296	2.6650661385E-8
297	2.6739062815E-8
298	2.682775747E-8
299	2.6916746321E-8
300	2.7006030346E-8
301	2.7095610522E-8
302	2.7185487832E-8
303	2.7275663262E-8
304	2.7366137801E-8
305	2.745691244E-8
306	2.7547988175E-8
307	2.7639366004E-8
308	2.773104693E-8
309	2.7823031958E-8
310	2.7915322097E-8
311	2.8007918357E-8
312	2.8100821756E-8
313	2.8194033312E-8
314	2.8287554046E-8
315	2.8381384984E-8
316	2.8475527155E-8
317	2.8569981591E-8
318	2.8664749329E-8
319	2.8759831406E-8
320	2.8855228867E-8
321	2.8950942756E-8
322	2.9046974123E-8
323	2.9143324022E-8
324	2.9239993509E-8
325	2.9336983643E-8
326	2.9434295489E-8
327	2.9531930114E-8
328	2.9629888587E-8
329	2.9728171984E-8
330	2.9826781381E-8
331	2.992571786E-8
332	3.0024982507E-8
333	3.0124576409E-8
334	3.0224500658E-8
335	3.032475635E-8
336	3.0425344585E-8
337	3.0526266465E-8
338	3.0627523098E-8
339	3.0729115592E-8
340	3.0831045063E-8
341	3.0933312628E-8
342	3.1035919409E-8
343	3.113886653E-8
344	3.124215512E-8
345	3.1345786312E-8
346	3.1449761242E-8
347	3.155408105E-8
348	3.1658746881E-8
349	3.1763759881E-8
350	3.1869121203E-8
351	3.1974832002E-8
352	3.2080893436E-8
353	3.2187306668E-8
354	3.2294072866E-8
355	3.2401193201E-8
356	3.2508668846E-8
357	3.2616500981E-8
358	3.2724690787E-8
359	3.2833239451E-8
360	3.2942148163E-8
361	3.3051418117E-8
362	3.3161050512E-8
363	3.327104655E-8
364	3.3381407436E-8
365	3.3492134381E-8
366	3.36032286E-8
367	3.3714691309E-8
368	3.3826523731E-8
369	3.3938727093E-8
370	3.4051302625E-8
371	3.4164251561E-8
372	3.427757514E-8
373	3.4391274603E-8
374	3.4505351199E-8
375	3.4619806178E-8
376	3.4734640794E-8
377	3.4849856308E-8
378	3.4965453981E-8
379	3.5081435083E-8
380	3.5197800883E-8
381	3.531455266E-8
382	3.5431691691E-8
383	3.5549219263E-8
384	3.5667136664E-8
385	3.5785445186E-8
386	3.5904146127E-8
387	3.6023240788E-8
388	3.6142730476E-8
389	3.62626165E-8
390	3.6382900174E-8
391	3.6503582819E-8
392	3.6624665757E-8
393	3.6746150316E-8
394	3.6868037827E-8
395	3.6990329627E-8
396	3.7113027058E-8
397	3.7236131464E-8
398	3.7359644196E-8
399	3.7483566607E-8
400	3.7607900056E-8
401	3.7732645908E-8
402	3.7857805528E-8
403	3.798338029E-8
404	3.8109371571E-8
405	3.8235780753E-8
406	3.836260922E-8
407	3.8489858364E-8
408	3.861752958E-8
409	3.8745624268E-8
410	3.8874143833E-8
411	3.9003089683E-8
412	3.9132463233E-8
413	3.92622659E-8
414	3.9392499109E-8
415	3.9523164287E-8
416	3.9654262867E-8
417	3.9785796286E-8
418	3.9917765986E-8
419	4.0050173416E-8
420	4.0183020025E-8
421	4.0316307271E-8
422	4.0450036616E-8
423	4.0584209525E-8
424	4.0718827471E-8
425	4.0853891928E-8
426	4.0989404377E-8
427	4.1125366305E-8
428	4.1261779203E-8
429	4.1398644565E-8
430	4.1535963894E-8
431	4.1673738693E-8
432	4.1811970475E-8
433	4.1950660754E-8
434	4.2089811051E-8
435	4.2229422892E-8
436	4.2369497808E-8
437	4.2510037334E-8
438	4.2651043012E-8
439	4.2792516388E-8
440	4.2934459012E-8
441	4.3076872441E-8
442	4.3219758237E-8
443	4.3363117965E-8
444	4.3506953199E-8
445	4.3651265515E-8
446	4.3796056495E-8
447	4.3941327728E-8
448	4.4087080804E-8
449	4.4233317324E-8
450	4.438003889E-8
451	4.4527247111E-8
452	4.46749436E-8
453	4.4823129978E-8
454	4.4971807869E-8
455	4.5120978904E-8
456	4.5270644717E-8
457	4.5420806949E-8
458	4.5571467248E-8
459	4.5722627265E-8
460	4.5874288658E-8
461	4.6026453088E-8
462	4.6179122226E-8
463	4.6332297743E-8
464	4.6485981321E-8
465	4.6640174644E-8
466	4.6794879402E-8
467	4.6950097292E-8
468	4.7105830016E-8
469	4.7262079281E-8
470	4.74188468E-8
471	4.7576134292E-8
472	4.7733943482E-8
473	4.7892276099E-8
474	4.805113388E-8
475	4.8210518567E-8
476	4.8370431907E-8
477	4.8530875654E-8
478	4.8691851565E-8
479	4.8853361407E-8
480	4.9015406951E-8
481	4.9177989972E-8
482	4.9341112254E-8
483	4.9504775585E-8
484	4.9668981759E-8
485	4.9833732577E-8
486	4.9999029844E-8
487	5.0164875375E-8
488	5.0331270986E-8
489	5.0498218502E-8
490	5.0665719753E-8
491	5.0833776576E-8
492	5.1002390814E-8
493	5.1171564315E-8
494	5.1341298934E-8
495	5.1511596532E-8
496	5.1682458976E-8
497	5.1853888139E-8
498	5.2025885901E-8
499	5.2198454148E-8
500	5.2371594772E-8
501	5.254530967E-8
502	5.2719600748E-8
503	5.2894469917E-8
504	5.3069919093E-8
505	5.3245950201E-8
506	5.3422565169E-8
507	5.3599765936E-8
508	5.3777554443E-8
509	5.3955932639E-8
510	5.4134902481E-8
511	5.431446593E-8
512	5.4494624955E-8
513	5.4675381532E-8
514	5.4856737642E-8
515	5.5038695274E-8
516	5.5221256422E-8
517	5.5404423088E-8
518	5.558819728E-8
519	5.5772581013E-8
520	5.5957576309E-8
521	5.6143185195E-8
522	5.6329409707E-8
523	5.6516251887E-8
524	5.6703713782E-8
525	5.6891797448E-8
526	5.7080504948E-8
527	5.726983835E-8
528	5.7459799729E-8
529	5.7650391169E-8
530	5.784161476E-8
531	5.8033472596E-8
532	5.8225966783E-8
533	5.841909943E-8
534	5.8612872655E-8
535	5.8807288582E-8
536	5.9002349343E-8
537	5.9198057076E-8
538	5.9394413927E-8
539	5.9591422049E-8
540	5.9789083601E-8
541	5.9987400751E-8
542	6.0186375672E-8
543	6.0386010547E-8
544	6.0586307564E-8
545	6.0787268918E-8
546	6.0988896814E-8
547	6.1191193461E-8
548	6.1394161078E-8
549	6.1597801889E-8
550	6.1802118127E-8
551	6.2007112033E-8
552	6.2212785853E-8
553	6.2419141843E-8
554	6.2626182264E-8
555	6.2833909387E-8
556	6.3042325489E-8
557	6.3251432855E-8
558	6.3461233777E-8
559	6.3671730556E-8
560	6.3882925498E-8
561	6.4094820921E-8
562	6.4307419146E-8
563	6.4520722504E-8
564	6.4734733334E-8
565	6.4949453982E-8
566	6.5164886802E-8
567	6.5381034156E-8
568	6.5597898414E-8
569	6.5815481953E-8
570	6.6033787157E-8
571	6.6252816422E-8
572	6.6472572148E-8
573	6.6693056743E-8
574	6.6914272626E-8
575	6.7136222221E-8
576	6.7358907962E-8
577	6.758233229E-8
578	6.7806497654E-8
579	6.8031406513E-8
580	6.825706133E-8
581	6.8483464581E-8
582	6.8710618748E-8
583	6.893852632E-8
584	6.9167189797E-8
585	6.9396611684E-8
586	6.9626794498E-8
587	6.9857740761E-8
588	7.0089453005E-8
589	7.0321933771E-8
590	7.0555185608E-8
591	7.0789211072E-8
592	7.1024012728E-8
593	7.1259593152E-8
594	7.1495954925E-8
595	7.1733100639E-8
596	7.1971032894E-8
597	7.2209754298E-8
598	7.2449267467E-8
599	7.2689575028E-8
600	7.2930679615E-8
601	7.3172583872E-8
602	7.3415290449E-8
603	7.3658802009E-8
604	7.3903121219E-8
605	7.414825076E-8
606	7.4394193317E-8
607	7.4640951587E-8
608	7.4888528276E-8
609	7.5136926097E-8
610	7.5386147773E-8
611	7.5636196037E-8
612	7.5887073629E-8
613	7.61387833E-8
614	7.6391327809E-8
615	7.6644709925E-8
616	7.6898932425E-8
617	7.7153998097E-8
618	7.7409909736E-8
619	7.7666670147E-8
620	7.7924282146E-8
621	7.8182748557E-8
622	7.8442072213E-8
623	7.8702255956E-8
624	7.8963302639E-8
625	7.9225215124E-8
626	7.9487996282E-8
627	7.9751648993E-8
628	8.0016176147E-8
629	8.0281580645E-8
630	8.0547865396E-8
631	8.0815033319E-8
632	8.1083087343E-8
633	8.1352030405E-8
634	8.1621865455E-8
635	8.1892595451E-8
636	8.2164223359E-8
637	8.2436752158E-8
638	8.2710184835E-8
639	8.2984524388E-8
640	8.3259773824E-8
641	8.353593616E-8
642	8.3813014423E-8
643	8.4091011651E-8
644	8.4369930891E-8
645	8.4649775201E-8
646	8.4930547649E-8
647	8.5212251311E-8
648	8.5494889277E-8
649	8.5778464644E-8
650	8.6062980521E-8
651	8.6348440027E-8
652	8.6634846291E-8
653	8.6922202452E-8
654	8.7210511661E-8
655	8.7499777077E-8
656	8.7790001872E-8
657	8.8081189228E-8
658	8.8373342335E-8
659	8.8666464397E-8
660	8.8960558626E-8
661	8.9255628247E-8
662	8.9551676493E-8
663	8.9848706611E-8
664	9.0146721855E-8
665	9.0445725494E-8
666	9.0745720803E-8
667	9.1046711072E-8
668	9.13486996E-8
669	9.1651689698E-8
670	9.1955684686E-8
671	9.2260687897E-8
672	9.2566702674E-8
673	9.2873732371E-8
674	9.3181780354E-8
675	9.349085E-8
676	9.3800944696E-8
677	9.4112067842E-8
678	9.4424222848E-8
679	9.4737413135E-8
680	9.5051642137E-8
681	9.5366913297E-8
682	9.5683230072E-8
683	9.600059593E-8
684	9.6319014347E-8
685	9.6638488816E-8
686	9.6959022838E-8
687	9.7280619925E-8
688	9.7603283604E-8
689	9.7927017411E-8
690	9.8251824895E-8
691	9.8577709616E-8
692	9.8904675145E-8
693	9.9232725067E-8
694	9.9561862978E-8
695	9.9892092485E-8
696	1.0022341721E-7
697	1.0055584078E-7
698	1.0088936684E-7
699	1.0122399905E-7
700	1.0155974108E-7
701	1.0189659659E-7
702	1.022345693E-7
703	1.025736629E-7
704	1.0291388111E-7
705	1.0325522765E-7
706	1.0359770628E-7
707	1.0394132073E-7
708	1.0428607479E-7
709	1.0463197222E-7
710	1.0497901683E-7
711	1.053272124E-7
712	1.0567656277E-7
713	1.0602707176E-7
714	1.063787432E-7
715	1.0673158096E-7
716	1.0708558891E-7
717	1.0744077092E-7
718	1.0779713088E-7
719	1.081546727E-7
720	1.0851340031E-7
721	1.0887331762E-7
722	1.092344286E-7
723	1.0959673719E-7
724	1.0996024736E-7
725	1.1032496311E-7
726	1.1069088843E-7
727	1.1105802732E-7
728	1.1142638381E-7
729	1.1179596195E-7
730	1.1216676578E-7
731	1.1253879936E-7
732	1.1291206677E-7
733	1.1328657211E-7
734	1.1366231948E-7
735	1.1403931299E-7
736	1.1441755678E-7
737	1.1479705499E-7
738	1.1517781179E-7
739	1.1555983135E-7
740	1.1594311785E-7
741	1.1632767549E-7
742	1.1671350849E-7
743	1.1710062108E-7
744	1.174890175E-7
745	1.1787870201E-7
746	1.1826967888E-7
747	1.1866195239E-7
748	1.1905552684E-7
749	1.1945040655E-7
750	1.1984659585E-7
751	1.2024409907E-7
752	1.2064292057E-7
753	1.2104306473E-7
754	1.2144453593E-7
755	1.2184733857E-7
756	1.2225147706E-7
757	1.2265695584E-7
758	1.2306377934E-7
759	1.2347195203E-7
760	1.2388147838E-7
761	1.2429236288E-7
762	1.2470461003E-7
763	1.2511822434E-7
764	1.2553321036E-7
765	1.2594957263E-7
766	1.2636731572E-7
767	1.2678644419E-7
768	1.2720696265E-7
769	1.276288757E-7
770	1.2805218797E-7
771	1.284769041E-7
772	1.2890302874E-7
773	1.2933056656E-7
774	1.2975952225E-7
775	1.3018990051E-7
776	1.3062170605E-7
777	1.310549436E-7
778	1.3148961793E-7
779	1.3192573378E-7
780	1.3236329594E-7
781	1.328023092E-7
782	1.3324277838E-7
783	1.3368470829E-7
784	1.341281038E-7
785	1.3457296975E-7
786	1.3501931101E-7
787	1.3546713249E-7
788	1.3591643909E-7
789	1.3636723573E-7
790	1.3681952735E-7
791	1.3727331891E-7
792	1.3772861538E-7
793	1.3818542176E-7
794	1.3864374304E-7
795	1.3910358426E-7
796	1.3956495044E-7
797	1.4002784665E-7
798	1.4049227796E-7
799	1.4095824945E-7
800	1.4142576624E-7
801	1.4189483345E-7
802	1.4236545622E-7
803	1.428376397E-7
804	1.4331138907E-7
805	1.4378670952E-7
806	1.4426360627E-7
807	1.4474208453E-7
808	1.4522214955E-7
809	1.4570380659E-7
810	1.4618706093E-7
811	1.4667191786E-7
812	1.471583827E-7
813	1.4764646078E-7
814	1.4813615744E-7
815	1.4862747806E-7
816	1.4912042802E-7
817	1.4961501271E-7
818	1.5011123757E-7
819	1.5060910802E-7
820	1.5110862952E-7
821	1.5160980755E-7
822	1.5211264759E-7
823	1.5261715516E-7
824	1.5312333579E-7
825	1.5363119503E-7
826	1.5414073843E-7
827	1.5465197158E-7
828	1.5516490008E-7
829	1.5567952956E-7
830	1.5619586565E-7
831	1.5671391401E-7
832	1.5723368033E-7
833	1.5775517028E-7
834	1.5827838959E-7
835	1.5880334399E-7
836	1.5933003924E-7
837	1.598584811E-7
838	1.6038867536E-7
839	1.6092062784E-7
840	1.6145434436E-7
841	1.6198983077E-7
842	1.6252709294E-7
843	1.6306613676E-7
844	1.6360696813E-7
845	1.6414959298E-7
846	1.6469401725E-7
847	1.6524024691E-7
848	1.6578828795E-7
849	1.6633814636E-7
850	1.6688982818E-7
851	1.6744333945E-7
852	1.6799868624E-7
853	1.6855587462E-7
854	1.691149107E-7
855	1.6967580062E-7
856	1.7023855051E-7
857	1.7080316655E-7
858	1.7136965491E-7
859	1.719380218E-7
860	1.7250827346E-7
861	1.7308041613E-7
862	1.7365445608E-7
863	1.7423039959E-7
864	1.7480825299E-7
865	1.7538802259E-7
866	1.7596971476E-7
867	1.7655333586E-7
868	1.771388923E-7
869	1.7772639048E-7
870	1.7831583685E-7
871	1.7890723785E-7
872	1.7950059998E-7
873	1.8009592973E-7
874	1.8069323362E-7
875	1.812925182E-7
876	1.8189379004E-7
877	1.8249705572E-7
878	1.8310232186E-7
879	1.8370959507E-7
880	1.8431888203E-7
881	1.8493018939E-7
882	1.8554352387E-7
883	1.8615889217E-7
884	1.8677630105E-7
885	1.8739575726E-7
886	1.880172676E-7
887	1.8864083886E-7
888	1.8926647789E-7
889	1.8989419154E-7
890	1.9052398669E-7
891	1.9115587022E-7
892	1.9178984908E-7
893	1.924259302E-7
894	1.9306412055E-7
895	1.9370442712E-7
896	1.9434685693E-7
897	1.9499141702E-7
898	1.9563811445E-7
899	1.962869563E-7
900	1.9693794968E-7
901	1.9759110173E-7
902	1.9824641959E-7
903	1.9890391045E-7
904	1.9956358151E-7
905	2.0022544E-7
906	2.0088949317E-7
907	2.0155574829E-7
908	2.0222421267E-7
909	2.0289489361E-7
910	2.0356779849E-7
911	2.0424293465E-7
912	2.0492030951E-7
913	2.0559993047E-7
914	2.0628180499E-7
915	2.0696594054E-7
916	2.0765234461E-7
917	2.0834102471E-7
918	2.090319884E-7
919	2.0972524325E-7
920	2.1042079684E-7
921	2.111186568E-7
922	2.1181883077E-7
923	2.1252132642E-7
924	2.1322615145E-7
925	2.1393331357E-7
926	2.1464282054E-7
927	2.1535468013E-7
928	2.1606890013E-7
929	2.1678548837E-7
930	2.175044527E-7
931	2.18225801E-7
932	2.1894954115E-7
933	2.196756811E-7
934	2.204042288E-7
935	2.2113519223E-7
936	2.2186857939E-7
937	2.2260439832E-7
938	2.2334265708E-7
939	2.2408336375E-7
940	2.2482652645E-7
941	2.2557215332E-7
942	2.2632025253E-7
943	2.2707083226E-7
944	2.2782390075E-7
945	2.2857946624E-7
946	2.2933753701E-7
947	2.3009812136E-7
948	2.3086122762E-7
949	2.3162686415E-7
950	2.3239503933E-7
951	2.3316576159E-7
952	2.3393903936E-7
953	2.3471488111E-7
954	2.3549329534E-7
955	2.3627429058E-7
956	2.3705787537E-7
957	2.3784405831E-7
958	2.3863284801E-7
959	2.394242531E-7
960	2.4021828225E-7
961	2.4101494415E-7
962	2.4181424755E-7
963	2.4261620118E-7
964	2.4342081383E-7
965	2.4422809432E-7
966	2.4503805148E-7
967	2.458506942E-7
968	2.4666603136E-7
969	2.474840719E-7
970	2.4830482477E-7
971	2.4912829898E-7
972	2.4995450353E-7
973	2.5078344747E-7
974	2.5161513989E-7
975	2.5244958989E-7
976	2.5328680661E-7
977	2.5412679922E-7
978	2.5496957692E-7
979	2.5581514894E-7
980	2.5666352454E-7
981	2.5751471301E-7
982	2.5836872368E-7
983	2.5922556589E-7
984	2.6008524903E-7
985	2.6094778252E-7
986	2.6181317581E-7
987	2.6268143836E-7
988	2.6355257968E-7
989	2.6442660933E-7
990	2.6530353687E-7
991	2.661833719E-7
992	2.6706612405E-7
993	2.6795180301E-7
994	2.6884041846E-7
995	2.6973198013E-7
996	2.706264978E-7
997	2.7152398125E-7
998	2.7242444032E-7
999	2.7332788486E-7
1000	2.7423432477E-7
