0	1E-8
1	1.0009306231E-8
2	1.0018621122E-8
3	1.0027944681E-8
4	1.0037276917E-8
5	1.0046617838E-8
6	1.005596745E-8
7	1.0065325764E-8
8	1.0074692787E-8
9	1.0084068526E-8
10	1.009345299E-8
11	1.0102846187E-8
12	1.0112248126E-8
13	1.0121658814E-8
14	1.013107826E-8
15	1.0140506471E-8
16	1.0149943456E-8
17	1.0159389223E-8
18	1.016884378E-8
19	1.0178307135E-8
20	1.0187779297E-8
21	1.0197260274E-8
22	1.0206750073E-8
23	1.0216248704E-8
24	1.0225756174E-8
25	1.0235272492E-8
26	1.0244797665E-8
27	1.0254331703E-8
28	1.0263874612E-8
29	1.0273426403E-8
30	1.0282987082E-8
31	1.0292556658E-8
32	1.0302135139E-8
33	1.0311722535E-8
34	1.0321318852E-8
35	1.0330924099E-8
36	1.0340538285E-8
37	1.0350161418E-8
38	1.0359793506E-8
39	1.0369434557E-8
40	1.0379084581E-8
41	1.0388743584E-8
42	1.0398411577E-8
43	1.0408088566E-8
44	1.041777456E-8
45	1.0427469568E-8
46	1.0437173598E-8
47	1.0446886659E-8
48	1.0456608759E-8
49	1.0466339905E-8
50	1.0476080108E-8
51	1.0485829375E-8
52	1.0495587714E-8
53	1.0505355134E-8
54	1.0515131644E-8
55	1.0524917251E-8
56	1.0534711965E-8
57	1.0544515794E-8
58	1.0554328746E-8
59	1.056415083E-8
60	1.0573982055E-8
61	1.0583822428E-8
62	1.0593671958E-8
63	1.0603530655E-8
64	1.0613398525E-8
65	1.0623275579E-8
66	1.0633161824E-8
67	1.0643057269E-8
68	1.0652961923E-8
69	1.0662875794E-8
70	1.0672798891E-8
71	1.0682731222E-8
72	1.0692672796E-8
73	1.0702623621E-8
74	1.0712583707E-8
75	1.0722553061E-8
76	1.0732531693E-8
77	1.074251961E-8
78	1.0752516823E-8
79	1.0762523338E-8
80	1.0772539166E-8
81	1.0782564314E-8
82	1.0792598791E-8
83	1.0802642606E-8
84	1.0812695768E-8
85	1.0822758286E-8
86	1.0832830167E-8
87	1.0842911421E-8
88	1.0853002057E-8
89	1.0863102083E-8
90	1.0873211508E-8
91	1.088333034E-8
92	1.0893458589E-8
93	1.0903596263E-8
94	1.0913743372E-8
95	1.0923899922E-8
96	1.0934065925E-8
97	1.0944241388E-8
98	1.095442632E-8
99	1.096462073E-8
100	1.0974824627E-8
101	1.0985038019E-8
102	1.0995260916E-8
103	1.1005493326E-8
104	1.1015735258E-8
105	1.1025986721E-8
106	1.1036247724E-8
107	1.1046518276E-8
108	1.1056798386E-8
109	1.1067088062E-8
110	1.1077387313E-8
111	1.1087696149E-8
112	1.1098014578E-8
113	1.1108342609E-8
114	1.1118680252E-8
115	1.1129027514E-8
116	1.1139384406E-8
117	1.1149750935E-8
118	1.1160127111E-8
119	1.1170512943E-8
120	1.1180908441E-8
121	1.1191313612E-8
122	1.1201728466E-8
123	1.1212153012E-8
124	1.1222587258E-8
125	1.1233031215E-8
126	1.1243484891E-8
127	1.1253948295E-8
128	1.1264421435E-8
129	1.1274904322E-8
130	1.1285396965E-8
131	1.1295899371E-8
132	1.1306411551E-8
133	1.1316933513E-8
134	1.1327465267E-8
135	1.1338006822E-8
136	1.1348558186E-8
137	1.135911937E-8
138	1.1369690381E-8
139	1.138027123E-8
140	1.1390861925E-8
141	1.1401462475E-8
142	1.1412072891E-8
143	1.142269318E-8
144	1.1433323352E-8
145	1.1443963416E-8
146	1.1454613382E-8
147	1.1465273259E-8
148	1.1475943056E-8
149	1.1486622781E-8
150	1.1497312445E-8
151	1.1508012057E-8
152	1.1518721626E-8
153	1.152944116E-8
154	1.154017067E-8
155	1.1550910165E-8
156	1.1561659654E-8
157	1.1572419146E-8
158	1.1583188651E-8
159	1.1593968177E-8
160	1.1604757735E-8
161	1.1615557334E-8
162	1.1626366982E-8
163	1.163718669E-8
164	1.1648016466E-8
165	1.165885632E-8
166	1.1669706262E-8
167	1.16805663E-8
168	1.1691436445E-8
169	1.1702316705E-8
170	1.171320709E-8
171	1.1724107609E-8
172	1.1735018273E-8
173	1.1745939089E-8
174	1.1756870069E-8
175	1.176781122E-8
176	1.1778762553E-8
177	1.1789724077E-8
178	1.1800695802E-8
179	1.1811677737E-8
180	1.1822669892E-8
181	1.1833672275E-8
182	1.1844684897E-8
183	1.1855707768E-8
184	1.1866740896E-8
185	1.1877784291E-8
186	1.1888837963E-8
187	1.1899901921E-8
188	1.1910976176E-8
189	1.1922060735E-8
190	1.193315561E-8
191	1.194426081E-8
192	1.1955376343E-8
193	1.1966502221E-8
194	1.1977638452E-8
195	1.1988785047E-8
196	1.1999942014E-8
197	1.2011109363E-8
198	1.2022287105E-8
199	1.2033475249E-8
200	1.2044673804E-8
201	1.205588278E-8
202	1.2067102187E-8
203	1.2078332034E-8
204	1.2089572332E-8
205	1.210082309E-8
206	1.2112084317E-8
207	1.2123356024E-8
208	1.213463822E-8
209	1.2145930916E-8
210	1.215723412E-8
211	1.2168547842E-8
212	1.2179872093E-8
213	1.2191206882E-8
214	1.2202552219E-8
215	1.2213908113E-8
216	1.2225274575E-8
217	1.2236651615E-8
218	1.2248039241E-8
219	1.2259437465E-8
220	1.2270846296E-8
221	1.2282265744E-8
222	1.2293695818E-8
223	1.2305136529E-8
224	1.2316587886E-8
225	1.23280499E-8
226	1.233952258E-8
227	1.2351005936E-8
228	1.2362499978E-8
229	1.2374004717E-8
230	1.2385520162E-8
231	1.2397046322E-8
232	1.2408583209E-8
233	1.2420130831E-8
234	1.24316892E-8
235	1.2443258324E-8
236	1.2454838215E-8
237	1.2466428881E-8
238	1.2478030334E-8
239	1.2489642582E-8
240	1.2501265637E-8
241	1.2512899507E-8
242	1.2524544204E-8
243	1.2536199738E-8
244	1.2547866117E-8
245	1.2559543353E-8
246	1.2571231456E-8
247	1.2582930435E-8
248	1.2594640301E-8
249	1.2606361064E-8
250	1.2618092734E-8
251	1.2629835322E-8
252	1.2641588836E-8
253	1.2653353289E-8
254	1.2665128689E-8
255	1.2676915046E-8
256	1.2688712372E-8
257	1.2700520677E-8
258	1.271233997E-8
259	1.2724170261E-8
260	1.2736011562E-8
261	1.2747863881E-8
262	1.2759727231E-8
263	1.277160162E-8
264	1.2783487059E-8
265	1.2795383558E-8
266	1.2807291128E-8
267	1.2819209779E-8
268	1.2831139521E-8
269	1.2843080364E-8
270	1.285503232E-8
271	1.2866995397E-8
272	1.2878969607E-8
273	1.289095496E-8
274	1.2902951467E-8
275	1.2914959137E-8
276	1.292697798E-8
277	1.2939008009E-8
278	1.2951049232E-8
279	1.2963101661E-8
280	1.2975165305E-8
281	1.2987240175E-8
282	1.2999326282E-8
283	1.3011423636E-8
284	1.3023532247E-8
285	1.3035652126E-8
286	1.3047783284E-8
287	1.3059925731E-8
288	1.3072079477E-8
289	1.3084244533E-8
290	1.309642091E-8
291	1.3108608617E-8
292	1.3120807666E-8
293	1.3133018068E-8
294	1.3145239832E-8
295	1.3157472969E-8
296	1.316971749E-8
297	1.3181973405E-8
298	1.3194240726E-8
299	1.3206519462E-8
300	1.3218809624E-8
301	1.3231111223E-8
302	1.324342427E-8
303	1.3255748775E-8
304	1.3268084749E-8
305	1.3280432202E-8
306	1.3292791146E-8
307	1.330516159E-8
308	1.3317543546E-8
309	1.3329937025E-8
310	1.3342342036E-8
311	1.3354758591E-8
312	1.3367186701E-8
313	1.3379626376E-8
314	1.3392077627E-8
315	1.3404540464E-8
316	1.3417014899E-8
317	1.3429500943E-8
318	1.3441998606E-8
319	1.3454507898E-8
320	1.3467028832E-8
321	1.3479561417E-8
322	1.3492105665E-8
323	1.3504661586E-8
324	1.3517229191E-8
325	1.3529808491E-8
326	1.3542399497E-8
327	1.355500222E-8
328	1.356761667E-8
329	1.358024286E-8
330	1.3592880798E-8
331	1.3605530498E-8
332	1.3618191968E-8
333	1.3630865222E-8
334	1.3643550268E-8
335	1.3656247119E-8
336	1.3668955785E-8
337	1.3681676277E-8
338	1.3694408607E-8
339	1.3707152785E-8
340	1.3719908823E-8
341	1.373267673E-8
342	1.374545652E-8
343	1.3758248201E-8
344	1.3771051787E-8
345	1.3783867286E-8
346	1.3796694712E-8
347	1.3809534074E-8
348	1.3822385385E-8
349	1.3835248654E-8
350	1.3848123894E-8
351	1.3861011114E-8
352	1.3873910328E-8
353	1.3886821545E-8
354	1.3899744776E-8
355	1.3912680034E-8
356	1.3925627329E-8
357	1.3938586672E-8
358	1.3951558074E-8
359	1.3964541548E-8
360	1.3977537103E-8
361	1.3990544752E-8
362	1.4003564505E-8
363	1.4016596374E-8
364	1.402964037E-8
365	1.4042696504E-8
366	1.4055764788E-8
367	1.4068845233E-8
368	1.408193785E-8
369	1.4095042651E-8
370	1.4108159646E-8
371	1.4121288848E-8
372	1.4134430268E-8
373	1.4147583916E-8
374	1.4160749805E-8
375	1.4173927945E-8
376	1.4187118349E-8
377	1.4200321027E-8
378	1.4213535991E-8
379	1.4226763253E-8
380	1.4240002823E-8
381	1.4253254714E-8
382	1.4266518937E-8
383	1.4279795502E-8
384	1.4293084423E-8
385	1.4306385709E-8
386	1.4319699374E-8
387	1.4333025427E-8
388	1.4346363882E-8
389	1.4359714749E-8
390	1.4373078039E-8
391	1.4386453765E-8
392	1.4399841938E-8
393	1.441324257E-8
394	1.4426655672E-8
395	1.4440081255E-8
396	1.4453519332E-8
397	1.4466969914E-8
398	1.4480433013E-8
399	1.4493908639E-8
400	1.4507396806E-8
401	1.4520897525E-8
402	1.4534410806E-8
403	1.4547936663E-8
404	1.4561475106E-8
405	1.4575026148E-8
406	1.45885898E-8
407	1.4602166074E-8
408	1.4615754981E-8
409	1.4629356534E-8
410	1.4642970744E-8
411	1.4656597622E-8
412	1.4670237182E-8
413	1.4683889434E-8
414	1.469755439E-8
415	1.4711232062E-8
416	1.4724922462E-8
417	1.4738625603E-8
418	1.4752341494E-8
419	1.4766070149E-8
420	1.477981158E-8
421	1.4793565798E-8
422	1.4807332815E-8
423	1.4821112643E-8
424	1.4834905294E-8
425	1.484871078E-8
426	1.4862529113E-8
427	1.4876360305E-8
428	1.4890204367E-8
429	1.4904061312E-8
430	1.4917931152E-8
431	1.4931813899E-8
432	1.4945709565E-8
433	1.4959618161E-8
434	1.49735397E-8
435	1.4987474194E-8
436	1.5001421655E-8
437	1.5015382095E-8
438	1.5029355526E-8
439	1.504334196E-8
440	1.5057341409E-8
441	1.5071353886E-8
442	1.5085379402E-8
443	1.509941797E-8
444	1.5113469602E-8
445	1.5127534309E-8
446	1.5141612104E-8
447	1.5155703E-8
448	1.5169807008E-8
449	1.5183924141E-8
450	1.5198054411E-8
451	1.521219783E-8
452	1.522635441E-8
453	1.5240524163E-8
454	1.5254707103E-8
455	1.526890324E-8
456	1.5283112588E-8
457	1.5297335158E-8
458	1.5311570964E-8
459	1.5325820017E-8
460	1.5340082329E-8
461	1.5354357913E-8
462	1.5368646782E-8
463	1.5382948947E-8
464	1.5397264421E-8
465	1.5411593217E-8
466	1.5425935346E-8
467	1.5440290822E-8
468	1.5454659656E-8
469	1.5469041862E-8
470	1.548343745E-8
471	1.5497846435E-8
472	1.5512268828E-8
473	1.5526704642E-8
474	1.554115389E-8
475	1.5555616583E-8
476	1.5570092735E-8
477	1.5584582357E-8
478	1.5599085463E-8
479	1.5613602065E-8
480	1.5628132176E-8
481	1.5642675807E-8
482	1.5657232973E-8
483	1.5671803684E-8
484	1.5686387955E-8
485	1.5700985797E-8
486	1.5715597223E-8
487	1.5730222246E-8
488	1.5744860878E-8
489	1.5759513133E-8
490	1.5774179022E-8
491	1.5788858559E-8
492	1.5803551756E-8
493	1.5818258625E-8
494	1.5832979181E-8
495	1.5847713434E-8
496	1.5862461399E-8
497	1.5877223087E-8
498	1.5891998512E-8
499	1.5906787687E-8
500	1.5921590623E-8
501	1.5936407335E-8
502	1.5951237834E-8
503	1.5966082134E-8
504	1.5980940247E-8
505	1.5995812187E-8
506	1.6010697966E-8
507	1.6025597597E-8
508	1.6040511093E-8
509	1.6055438466E-8
510	1.6070379731E-8
511	1.6085334899E-8
512	1.6100303984E-8
513	1.6115286998E-8
514	1.6130283955E-8
515	1.6145294867E-8
516	1.6160319748E-8
517	1.617535861E-8
518	1.6190411467E-8
519	1.6205478331E-8
520	1.6220559216E-8
521	1.6235654134E-8
522	1.6250763099E-8
523	1.6265886124E-8
524	1.6281023222E-8
525	1.6296174405E-8
526	1.6311339687E-8
527	1.6326519082E-8
528	1.6341712602E-8
529	1.635692026E-8
530	1.637214207E-8
531	1.6387378044E-8
532	1.6402628196E-8
533	1.641789254E-8
534	1.6433171087E-8
535	1.6448463853E-8
536	1.6463770848E-8
537	1.6479092088E-8
538	1.6494427585E-8
539	1.6509777353E-8
540	1.6525141404E-8
541	1.6540519753E-8
542	1.6555912412E-8
543	1.6571319394E-8
544	1.6586740714E-8
545	1.6602176383E-8
546	1.6617626417E-8
547	1.6633090827E-8
548	1.6648569628E-8
549	1.6664062833E-8
550	1.6679570455E-8
551	1.6695092508E-8
552	1.6710629005E-8
553	1.6726179959E-8
554	1.6741745384E-8
555	1.6757325294E-8
556	1.6772919702E-8
557	1.6788528621E-8
558	1.6804152064E-8
559	1.6819790047E-8
560	1.6835442581E-8
561	1.6851109681E-8
562	1.6866791359E-8
563	1.6882487631E-8
564	1.6898198508E-8
565	1.6913924006E-8
566	1.6929664136E-8
567	1.6945418914E-8
568	1.6961188352E-8
569	1.6976972464E-8
570	1.6992771265E-8
571	1.7008584767E-8
572	1.7024412984E-8
573	1.704025593E-8
574	1.7056113619E-8
575	1.7071986064E-8
576	1.7087873279E-8
577	1.7103775278E-8
578	1.7119692075E-8
579	1.7135623683E-8
580	1.7151570116E-8
581	1.7167531388E-8
582	1.7183507513E-8
583	1.7199498505E-8
584	1.7215504377E-8
585	1.7231525143E-8
586	1.7247560817E-8
587	1.7263611413E-8
588	1.7279676945E-8
589	1.7295757427E-8
590	1.7311852872E-8
591	1.7327963295E-8
592	1.7344088709E-8
593	1.7360229129E-8
594	1.7376384569E-8
595	1.7392555041E-8
596	1.7408740562E-8
597	1.7424941143E-8
598	1.74411568E-8
599	1.7457387547E-8
600	1.7473633396E-8
601	1.7489894364E-8
602	1.7506170463E-8
603	1.7522461707E-8
604	1.7538768112E-8
605	1.755508969E-8
606	1.7571426456E-8
607	1.7587778425E-8
608	1.7604145609E-8
609	1.7620528025E-8
610	1.7636925684E-8
611	1.7653338603E-8
612	1.7669766794E-8
613	1.7686210273E-8
614	1.7702669053E-8
615	1.7719143148E-8
616	1.7735632574E-8
617	1.7752137344E-8
618	1.7768657472E-8
619	1.7785192972E-8
620	1.780174386E-8
621	1.781831015E-8
622	1.7834891854E-8
623	1.7851488989E-8
624	1.7868101569E-8
625	1.7884729607E-8
626	1.7901373118E-8
627	1.7918032117E-8
628	1.7934706617E-8
629	1.7951396634E-8
630	1.7968102182E-8
631	1.7984823275E-8
632	1.8001559928E-8
633	1.8018312155E-8
634	1.803507997E-8
635	1.8051863389E-8
636	1.8068662425E-8
637	1.8085477094E-8
638	1.810230741E-8
639	1.8119153386E-8
640	1.8136015039E-8
641	1.8152892382E-8
642	1.8169785431E-8
643	1.8186694199E-8
644	1.8203618701E-8
645	1.8220558952E-8
646	1.8237514967E-8
647	1.825448676E-8
648	1.8271474346E-8
649	1.828847774E-8
650	1.8305496956E-8
651	1.832253201E-8
652	1.8339582915E-8
653	1.8356649687E-8
654	1.837373234E-8
655	1.8390830889E-8
656	1.8407945349E-8
657	1.8425075735E-8
658	1.8442222061E-8
659	1.8459384343E-8
660	1.8476562594E-8
661	1.8493756831E-8
662	1.8510967068E-8
663	1.852819332E-8
664	1.8545435601E-8
665	1.8562693927E-8
666	1.8579968313E-8
667	1.8597258773E-8
668	1.8614565323E-8
669	1.8631887977E-8
670	1.864922675E-8
671	1.8666581658E-8
672	1.8683952715E-8
673	1.8701339937E-8
674	1.8718743338E-8
675	1.8736162934E-8
676	1.8753598739E-8
677	1.8771050769E-8
678	1.8788519039E-8
679	1.8806003564E-8
680	1.8823504359E-8
681	1.8841021439E-8
682	1.8858554819E-8
683	1.8876104515E-8
684	1.8893670542E-8
685	1.8911252914E-8
686	1.8928851647E-8
687	1.8946466757E-8
688	1.8964098258E-8
689	1.8981746166E-8
690	1.8999410496E-8
691	1.9017091263E-8
692	1.9034788483E-8
693	1.9052502171E-8
694	1.9070232342E-8
695	1.9087979012E-8
696	1.9105742196E-8
697	1.9123521909E-8
698	1.9141318166E-8
699	1.9159130984E-8
700	1.9176960377E-8
701	1.9194806361E-8
702	1.9212668952E-8
703	1.9230548164E-8
704	1.9248444013E-8
705	1.9266356516E-8
706	1.9284285686E-8
707	1.930223154E-8
708	1.9320194093E-8
709	1.9338173362E-8
710	1.935616936E-8
711	1.9374182105E-8
712	1.9392211611E-8
713	1.9410257894E-8
714	1.9428320969E-8
715	1.9446400854E-8
716	1.9464497562E-8
717	1.9482611109E-8
718	1.9500741512E-8
719	1.9518888786E-8
720	1.9537052947E-8
721	1.955523401E-8
722	1.9573431991E-8
723	1.9591646905E-8
724	1.960987877E-8
725	1.96281276E-8
726	1.9646393411E-8
727	1.9664676219E-8
728	1.9682976039E-8
729	1.9701292889E-8
730	1.9719626782E-8
731	1.9737977736E-8
732	1.9756345767E-8
733	1.9774730889E-8
734	1.9793133119E-8
735	1.9811552473E-8
736	1.9829988967E-8
737	1.9848442617E-8
738	1.9866913438E-8
739	1.9885401447E-8
740	1.990390666E-8
741	1.9922429092E-8
742	1.9940968761E-8
743	1.9959525681E-8
744	1.9978099868E-8
745	1.999669134E-8
746	2.0015300111E-8
747	2.0033926199E-8
748	2.0052569619E-8
749	2.0071230387E-8
750	2.0089908519E-8
751	2.0108604032E-8
752	2.0127316942E-8
753	2.0146047265E-8
754	2.0164795017E-8
755	2.0183560214E-8
756	2.0202342873E-8
757	2.0221143009E-8
758	2.023996064E-8
759	2.0258795781E-8
760	2.0277648449E-8
761	2.029651866E-8
762	2.031540643E-8
763	2.0334311775E-8
764	2.0353234713E-8
765	2.0372175259E-8
766	2.0391133429E-8
767	2.0410109241E-8
768	2.0429102711E-8
769	2.0448113854E-8
770	2.0467142688E-8
771	2.0486189228E-8
772	2.0505253492E-8
773	2.0524335496E-8
774	2.0543435256E-8
775	2.0562552789E-8
776	2.0581688112E-8
777	2.060084124E-8
778	2.0620012191E-8
779	2.0639200981E-8
780	2.0658407627E-8
781	2.0677632145E-8
782	2.0696874552E-8
783	2.0716134864E-8
784	2.0735413099E-8
785	2.0754709273E-8
786	2.0774023402E-8
787	2.0793355504E-8
788	2.0812705594E-8
789	2.0832073691E-8
790	2.085145981E-8
791	2.0870863968E-8
792	2.0890286182E-8
793	2.0909726469E-8
794	2.0929184846E-8
795	2.094866133E-8
796	2.0968155936E-8
797	2.0987668683E-8
798	2.1007199587E-8
799	2.1026748666E-8
800	2.1046315935E-8
801	2.1065901411E-8
802	2.1085505113E-8
803	2.1105127056E-8
804	2.1124767258E-8
805	2.1144425736E-8
806	2.1164102507E-8
807	2.1183797587E-8
808	2.1203510994E-8
809	2.1223242744E-8
810	2.1242992856E-8
811	2.1262761345E-8
812	2.128254823E-8
813	2.1302353527E-8
814	2.1322177253E-8
815	2.1342019425E-8
816	2.1361880061E-8
817	2.1381759178E-8
818	2.1401656793E-8
819	2.1421572923E-8
820	2.1441507585E-8
821	2.1461460797E-8
822	2.1481432576E-8
823	2.150142294E-8
824	2.1521431904E-8
825	2.1541459488E-8
826	2.1561505707E-8
827	2.158157058E-8
828	2.1601654124E-8
829	2.1621756356E-8
830	2.1641877294E-8
831	2.1662016954E-8
832	2.1682175355E-8
833	2.1702352514E-8
834	2.1722548448E-8
835	2.1742763174E-8
836	2.1762996711E-8
837	2.1783249076E-8
838	2.1803520286E-8
839	2.1823810358E-8
840	2.1844119311E-8
841	2.1864447162E-8
842	2.1884793929E-8
843	2.1905159628E-8
844	2.1925544278E-8
845	2.1945947897E-8
846	2.1966370501E-8
847	2.1986812109E-8
848	2.2007272738E-8
849	2.2027752407E-8
850	2.2048251132E-8
851	2.2068768931E-8
852	2.2089305823E-8
853	2.2109861825E-8
854	2.2130436954E-8
855	2.2151031229E-8
856	2.2171644668E-8
857	2.2192277287E-8
858	2.2212929106E-8
859	2.2233600141E-8
860	2.2254290411E-8
861	2.2274999934E-8
862	2.2295728727E-8
863	2.2316476809E-8
864	2.2337244198E-8
865	2.2358030911E-8
866	2.2378836966E-8
867	2.2399662381E-8
868	2.2420507175E-8
869	2.2441371366E-8
870	2.246225497E-8
871	2.2483158008E-8
872	2.2504080496E-8
873	2.2525022453E-8
874	2.2545983896E-8
875	2.2566964845E-8
876	2.2587965316E-8
877	2.2608985329E-8
878	2.2630024901E-8
879	2.2651084051E-8
880	2.2672162797E-8
881	2.2693261157E-8
882	2.2714379149E-8
883	2.2735516792E-8
884	2.2756674104E-8
885	2.2777851103E-8
886	2.2799047808E-8
887	2.2820264236E-8
888	2.2841500406E-8
889	2.2862756337E-8
890	2.2884032047E-8
891	2.2905327555E-8
892	2.2926642878E-8
893	2.2947978035E-8
894	2.2969333045E-8
895	2.2990707926E-8
896	2.3012102697E-8
897	2.3033517375E-8
898	2.3054951981E-8
899	2.3076406531E-8
900	2.3097881046E-8
901	2.3119375542E-8
902	2.314089004E-8
903	2.3162424557E-8
904	2.3183979112E-8
905	2.3205553724E-8
906	2.3227148411E-8
907	2.3248763193E-8
908	2.3270398087E-8
909	2.3292053113E-8
910	2.3313728289E-8
911	2.3335423634E-8
912	2.3357139167E-8
913	2.3378874906E-8
914	2.3400630871E-8
915	2.3422407079E-8
916	2.3444203551E-8
917	2.3466020305E-8
918	2.3487857359E-8
919	2.3509714733E-8
920	2.3531592446E-8
921	2.3553490516E-8
922	2.3575408962E-8
923	2.3597347804E-8
924	2.3619307059E-8
925	2.3641286749E-8
926	2.366328689E-8
927	2.3685307503E-8
928	2.3707348606E-8
929	2.3729410219E-8
930	2.375149236E-8
931	2.3773595049E-8
932	2.3795718304E-8
933	2.3817862146E-8
934	2.3840026592E-8
935	2.3862211663E-8
936	2.3884417377E-8
937	2.3906643753E-8
938	2.3928890812E-8
939	2.3951158571E-8
940	2.3973447051E-8
941	2.399575627E-8
942	2.4018086249E-8
943	2.4040437005E-8
944	2.4062808559E-8
945	2.408520093E-8
946	2.4107614137E-8
947	2.41300482E-8
948	2.4152503137E-8
949	2.417497897E-8
950	2.4197475716E-8
951	2.4219993395E-8
952	2.4242532028E-8
953	2.4265091632E-8
954	2.4287672229E-8
955	2.4310273836E-8
956	2.4332896475E-8
957	2.4355540164E-8
958	2.4378204924E-8
959	2.4400890773E-8
960	2.4423597731E-8
961	2.4446325818E-8
962	2.4469075054E-8
963	2.4491845458E-8
964	2.451463705E-8
965	2.4537449849E-8
966	2.4560283876E-8
967	2.458313915E-8
968	2.4606015692E-8
969	2.4628913519E-8
970	2.4651832654E-8
971	2.4674773114E-8
972	2.4697734921E-8
973	2.4720718094E-8
974	2.4743722652E-8
975	2.4766748617E-8
976	2.4789796007E-8
977	2.4812864843E-8
978	2.4835955144E-8
979	2.4859066931E-8
980	2.4882200224E-8
981	2.4905355042E-8
982	2.4928531406E-8
983	2.4951729335E-8
984	2.497494885E-8
985	2.4998189971E-8
986	2.5021452718E-8
987	2.504473711E-8
988	2.5068043169E-8
989	2.5091370914E-8
990	2.5114720366E-8
991	2.5138091544E-8
992	2.516148447E-8
993	2.5184899162E-8
994	2.5208335642E-8
995	2.5231793929E-8
996	2.5255274044E-8
997	2.5278776008E-8
998	2.530229984E-8
999	2.5325845561E-8
1000	2.5349413191E-8
